
Initial Kinetic Energy : 100
Alpha = 70 Beta = 56
------------------------------------------------------------------------------

Hightest attempted 0 times... out of 500   div loops diff = 3211785  repair call  8311181

0 =      135 135 135
1 =      135 135 134
2 =      136 135 134
3 =      136 135 135
4 =      137 135 135
5 =      138 135 135
6 =      139 135 135
7 =      140 135 135
8 =      140 135 134
9 =      140 134 134
10 =      140 134 135
11 =      140 133 135
12 =      140 133 136
13 =      139 133 136
14 =      139 133 135
15 =      138 133 135
16 =      137 133 135
17 =      137 134 135
18 =      138 134 135
19 =      139 134 135
20 =      139 134 136
21 =      140 134 136
22 =      140 135 136
23 =      139 135 136
24 =      138 135 136
25 =      137 135 136
26 =      137 136 136
27 =      138 136 136
28 =      139 136 136
29 =      139 136 135
30 =      140 136 135
31 =      141 136 135
32 =      141 136 134
33 =      140 136 134
34 =      139 136 134
35 =      138 136 134
36 =      138 136 133
37 =      139 136 133
38 =      140 136 133
39 =      141 136 133
40 =      142 136 133
41 =      143 136 133
42 =      143 135 133
43 =      144 135 133
44 =      145 135 133
45 =      145 136 133
46 =      144 136 133
47 =      144 137 133

102


Initial Kinetic Energy : 100
Alpha = 54 Beta = 75
------------------------------------------------------------------------------


Initial Kinetic Energy : 100
Alpha = 71 Beta = 57
------------------------------------------------------------------------------

Hightest attempted 0 times... out of 500   div loops diff = 3022043  repair call  7528473

0 =      135 135 135
1 =      135 135 134
2 =      136 135 134
3 =      136 135 133
4 =      135 135 133
5 =      134 135 133
6 =      134 134 133
7 =      134 134 134
8 =      133 134 134
9 =      133 134 133
10 =      133 133 133
11 =      134 133 133
12 =      134 132 133
13 =      135 132 133
14 =      135 133 133
15 =      136 133 133
16 =      136 134 133
17 =      137 134 133
18 =      137 133 133
19 =      137 133 134
20 =      137 132 134
21 =      136 132 134
22 =      136 133 134
23 =      135 133 134
24 =      134 133 134
25 =      133 133 134
26 =      132 133 134
27 =      132 132 134
28 =      133 132 134
29 =   133 133 134    match with  25
30 =      133 133 135
31 =      133 132 135
32 =      134 132 135
33 =   133 132 135    match with  31
34 =   134 132 135    match with  32
35 =      134 133 135
36 =   134 133 134    match with  24
37 =   133 133 134    match with  25
37 =   133 133 134    match with  29
38 =   133 133 133    match with  10
39 =   134 133 133    match with  11
40 =   135 133 133    match with  14
41 =   136 133 133    match with  15
42 =   137 133 133    match with  18
43 =      138 133 133
44 =      139 133 133
45 =      140 133 133
46 =      140 133 132
47 =      141 133 132

102


Initial Kinetic Energy : 100
Alpha = 68 Beta = 55
------------------------------------------------------------------------------

Hightest attempted 0 times... out of 500   div loops diff = 3152841  repair call  7963562

0 =      135 135 135
1 =      135 135 136
2 =      136 135 136
3 =      136 135 137
4 =      135 135 137
5 =      134 135 137
6 =      134 134 137
7 =      135 134 137
8 =      136 134 137
9 =      136 133 137
10 =      136 133 138
11 =      136 132 138
12 =      136 132 137
13 =      136 131 137
14 =      136 131 138
15 =      137 131 138
16 =      138 131 138
17 =      139 131 138
18 =      139 131 137
19 =      138 131 137
20 =      138 132 137
21 =      138 132 136
22 =      139 132 136
23 =      140 132 136
24 =      140 133 136
25 =      139 133 136
26 =      138 133 136
27 =      138 133 137
28 =      137 133 137
29 =      137 133 138
30 =      137 133 139
31 =      137 132 139
32 =      136 132 139
33 =   137 132 139    match with  31
34 =      137 132 138
35 =   136 132 138    match with  11
36 =      135 132 138
37 =      135 133 138
38 =   136 133 138    match with  10
39 =   137 133 138    match with  29
40 =   137 133 137    match with  28
41 =   136 133 137    match with  9
42 =   136 132 137    match with  12
43 =      137 132 137
44 =      137 132 136
45 =      136 132 136
46 =      135 132 136
47 =      135 133 136

102


Initial Kinetic Energy : 100
Alpha = 82 Beta = 66
------------------------------------------------------------------------------

Hightest attempted 0 times... out of 500   div loops diff = 2775383  repair call  8109492

0 =      135 135 135
1 =      136 135 135
2 =      136 134 135
3 =      137 134 135
4 =      137 134 136
5 =      137 135 136
6 =      137 135 135
7 =      138 135 135
8 =      138 135 134
9 =      137 135 134
10 =      136 135 134
11 =      136 134 134
12 =      136 133 134
13 =      135 133 134
14 =      135 133 133
15 =      136 133 133
16 =      137 133 133
17 =      138 133 133
18 =      138 134 133
19 =      137 134 133
20 =      136 134 133
21 =      135 134 133
22 =      134 134 133
23 =      134 135 133
24 =      135 135 133
25 =      135 135 134
26 =      135 134 134
27 =      134 134 134
28 =      134 134 135
29 =      133 134 135
30 =      132 134 135
31 =      132 135 135
32 =      131 135 135
33 =      131 135 136
34 =      131 134 136
35 =      132 134 136
36 =      132 135 136
37 =      133 135 136
38 =      134 135 136
39 =      135 135 136
40 =      135 136 136
41 =      134 136 136
42 =      133 136 136
43 =      133 136 137
44 =      132 136 137
45 =      132 135 137
46 =      133 135 137
47 =      134 135 137

102


Initial Kinetic Energy : 100
Alpha = 71 Beta = 79
------------------------------------------------------------------------------

Hightest attempted 0 times... out of 500   div loops diff = 2785269  repair call  8063135

0 =      135 135 135
1 =      135 135 134
2 =      136 135 134
3 =      137 135 134
4 =      137 136 134
5 =      136 136 134
6 =      135 136 134
7 =      134 136 134
8 =      134 137 134
9 =      135 137 134
10 =      135 137 133
11 =      134 137 133
12 =      133 137 133
13 =      132 137 133
14 =      132 138 133
15 =      133 138 133
16 =      134 138 133
17 =      135 138 133
18 =      135 138 134
19 =      134 138 134
20 =      133 138 134
21 =      133 137 134
22 =      132 137 134
23 =      131 137 134
24 =      130 137 134
25 =      129 137 134
26 =      128 137 134
27 =      127 137 134
28 =      126 137 134
29 =      125 137 134
30 =      125 137 135
31 =      126 137 135
32 =      127 137 135
33 =      128 137 135
34 =      129 137 135
35 =      130 137 135
36 =      131 137 135
37 =      132 137 135
38 =      133 137 135
39 =      133 136 135
40 =      133 136 136
41 =      133 136 137
42 =      134 136 137
43 =      135 136 137
44 =      136 136 137
45 =      137 136 137
46 =      138 136 137
47 =      139 136 137

102


Initial Kinetic Energy : 100
Alpha = 64 Beta = 70
------------------------------------------------------------------------------

Hightest attempted 0 times... out of 500   div loops diff = 2876098  repair call  8472731

0 =      135 135 135
1 =      135 135 134
2 =      136 135 134
3 =      136 135 133
4 =      135 135 133
5 =      134 135 133
6 =      134 134 133
7 =      134 134 132
8 =      135 134 132
9 =      135 134 133
10 =      135 133 133
11 =      135 132 133
12 =      135 132 132
13 =      134 132 132
14 =      134 132 133
15 =      133 132 133
16 =      132 132 133
17 =      132 133 133
18 =      133 133 133
19 =      134 133 133
20 =      134 133 134
21 =      135 133 134
22 =      135 134 134
23 =      136 134 134
24 =      136 134 133
25 =      136 134 132
26 =      136 134 131
27 =      136 134 130
28 =      136 133 130
29 =      137 133 130
30 =      137 133 131
31 =      138 133 131
32 =      138 133 132
33 =      137 133 132
34 =      136 133 132
35 =      135 133 132
36 =      134 133 132
37 =      133 133 132
38 =      132 133 132
39 =      132 134 132
40 =      132 135 132
41 =      133 135 132
42 =      134 135 132
43 =      135 135 132
44 =      135 136 132
45 =      134 136 132
46 =      133 136 132
47 =      133 136 133

102


Initial Kinetic Energy : 100
Alpha = 54 Beta = 82
------------------------------------------------------------------------------


Initial Kinetic Energy : 100
Alpha = 74 Beta = 80
------------------------------------------------------------------------------

Hightest attempted 0 times... out of 500   div loops diff = 3167921  repair call  8254736

0 =      135 135 135
1 =      135 135 136
2 =      136 135 136
3 =      136 135 135
4 =      137 135 135
5 =      138 135 135
6 =      139 135 135
7 =      140 135 135
8 =      140 135 134
9 =      140 134 134
10 =      140 134 135
11 =      140 133 135
12 =      140 133 136
13 =      139 133 136
14 =      139 133 135
15 =      138 133 135
16 =      137 133 135
17 =      137 134 135
18 =      138 134 135
19 =      139 134 135
20 =      139 134 136
21 =      140 134 136
22 =      140 135 136
23 =      139 135 136
24 =      138 135 136
25 =      137 135 136
26 =      137 136 136
27 =      137 137 136
28 =      137 138 136
29 =      138 138 136
30 =      138 138 137
31 =      138 139 137
32 =      137 139 137
33 =      137 138 137
34 =      136 138 137
35 =      135 138 137
36 =      135 137 137
37 =      136 137 137
38 =      137 137 137
39 =      138 137 137
40 =      138 137 138
41 =      137 137 138
42 =      136 137 138
43 =      135 137 138
44 =      135 138 138
45 =      136 138 138
46 =      137 138 138
47 =      138 138 138

102


Initial Kinetic Energy : 100
Alpha = 59 Beta = 80
------------------------------------------------------------------------------

Hightest attempted 0 times... out of 500   div loops diff = 2730128  repair call  8037876

0 =      135 135 135
1 =      135 135 134
2 =      136 135 134
3 =      136 136 134
4 =      135 136 134
5 =      135 137 134
6 =      136 137 134
7 =      136 138 134
8 =      137 138 134
9 =      138 138 134
10 =      139 138 134
11 =      139 137 134
12 =      139 136 134
13 =      138 136 134
14 =      138 137 134
15 =      138 137 133
16 =      139 137 133
17 =      139 137 132
18 =      139 137 131
19 =      139 137 130
20 =      140 137 130
21 =      141 137 130
22 =      142 137 130
23 =      142 138 130
24 =      141 138 130
25 =      140 138 130
26 =      139 138 130
27 =      139 139 130
28 =      139 139 131
29 =      139 138 131
30 =      140 138 131
31 =      141 138 131
32 =      142 138 131
33 =   141 138 131    match with  31
34 =      141 137 131
35 =      140 137 131
36 =      140 136 131
37 =      141 136 131
38 =      142 136 131
39 =      143 136 131
40 =      144 136 131
41 =      145 136 131
42 =      146 136 131
43 =      147 136 131
44 =      148 136 131
45 =      149 136 131
46 =      150 136 131
47 =      151 136 131

102


Initial Kinetic Energy : 100
Alpha = 74 Beta = 70
------------------------------------------------------------------------------

Hightest attempted 0 times... out of 500   div loops diff = 3060876  repair call  7515156

0 =      135 135 135
1 =      135 135 136
2 =      136 135 136
3 =      136 135 137
4 =      135 135 137
5 =      134 135 137
6 =      134 134 137
7 =      134 134 136
8 =      133 134 136
9 =      133 134 137
10 =      133 133 137
11 =      134 133 137
12 =      134 132 137
13 =      134 131 137
14 =      133 131 137
15 =      133 131 136
16 =      132 131 136
17 =      131 131 136
18 =      131 130 136
19 =      132 130 136
20 =      133 130 136
21 =      133 130 137
22 =      132 130 137
23 =      131 130 137
24 =      131 130 138
25 =      131 131 138
26 =      130 131 138
27 =      129 131 138
28 =      128 131 138
29 =   129 131 138    match with  27
30 =   130 131 138    match with  26
31 =   131 131 138    match with  25
32 =      131 131 137
33 =      132 131 137
34 =   132 130 137    match with  22
35 =   133 130 137    match with  21
36 =   133 130 136    match with  20
37 =   132 130 136    match with  19
38 =   132 131 136    match with  16
39 =      132 132 136
40 =      133 132 136
41 =   133 131 136    match with  15
42 =      134 131 136
43 =      135 131 136
44 =      135 131 135
45 =      135 132 135
46 =      134 132 135
47 =      134 133 135

102


Initial Kinetic Energy : 100
Alpha = 82 Beta = 75
------------------------------------------------------------------------------

Hightest attempted 0 times... out of 500   div loops diff = 3031299  repair call  8139051

0 =      135 135 135
1 =      136 135 135
2 =      136 134 135
3 =      137 134 135
4 =      137 134 136
5 =      137 135 136
6 =      137 135 135
7 =      138 135 135
8 =      139 135 135
9 =      140 135 135
10 =      141 135 135
11 =      141 134 135
12 =      141 133 135
13 =      142 133 135
14 =      143 133 135
15 =      143 134 135
16 =      142 134 135
17 =      142 134 136
18 =      141 134 136
19 =      140 134 136
20 =      139 134 136
21 =      139 134 135
22 =      140 134 135
23 =      140 133 135
24 =      140 133 134
25 =      140 133 133
26 =      141 133 133
27 =      141 133 134
28 =      141 134 134
29 =      142 134 134
30 =   141 134 134    match with  28
31 =   141 133 134    match with  27
32 =   141 133 133    match with  26
33 =   140 133 133    match with  25
34 =      139 133 133
35 =      138 133 133
36 =      138 134 133
37 =      138 135 133
38 =      139 135 133
39 =      139 134 133
40 =      140 134 133
41 =      140 134 134
42 =   140 133 134    match with  24
43 =      139 133 134
44 =      138 133 134
45 =      138 134 134
46 =      139 134 134
47 =      139 135 134

102


Initial Kinetic Energy : 100
Alpha = 58 Beta = 69
------------------------------------------------------------------------------

Hightest attempted 0 times... out of 500   div loops diff = 334142  repair call  4469754

0 =      135 135 135
1 =      136 135 135
2 =      136 136 135
3 =      137 136 135
4 =      137 136 136
5 =      136 136 136
6 =      136 135 136
7 =      137 135 136
8 =      137 135 135
9 =      137 134 135
10 =      137 134 136
11 =      137 133 136
12 =      137 132 136
13 =      136 132 136
14 =      136 133 136
15 =      136 133 135
16 =      136 134 135
17 =      135 134 135
18 =      135 134 136
19 =      136 134 136
20 =      136 134 137
21 =      137 134 137
22 =      138 134 137
23 =      138 133 137
24 =      138 133 136
25 =      138 133 135
26 =      137 133 135
27 =      137 133 134
28 =      137 134 134
29 =      138 134 134
30 =      138 134 135
31 =      139 134 135
32 =      139 134 136
33 =      138 134 136
34 =      138 135 136
35 =      139 135 136
36 =      139 135 135
37 =      138 135 135
38 =      138 136 135
39 =      138 137 135
40 =      138 137 136
41 =      138 136 136
42 =      138 136 137
43 =      139 136 137
44 =      140 136 137
45 =      141 136 137
46 =      141 136 136
47 =      141 137 136

102

