
Initial Kinetic Energy : 100
Alpha = 56 Beta = 50
------------------------------------------------------------------------------

Hightest attempted 0 times... out of 500   div loops diff = 3065440  repair call  9585131

0 =      135 135 135
1 =      135 135 136
2 =      136 135 136
3 =      136 135 135
4 =      136 136 135
5 =      135 136 135
6 =      135 136 136
7 =      134 136 136
8 =      133 136 136
9 =      133 137 136
10 =      134 137 136
11 =      135 137 136
12 =      136 137 136
13 =      136 137 137
14 =      135 137 137
15 =      135 136 137
16 =      135 136 138
17 =      136 136 138
18 =      137 136 138
19 =      137 136 137
20 =      136 136 137
21 =      136 135 137
22 =      137 135 137
23 =      137 135 136
24 =      137 136 136
25 =      138 136 136
26 =      138 137 136
27 =      139 137 136
28 =      139 138 136
29 =      140 138 136
30 =      140 139 136
31 =      141 139 136
32 =      142 139 136
33 =      142 138 136
34 =      141 138 136
35 =      141 138 137
36 =      141 138 138
37 =      142 138 138
38 =      143 138 138
39 =      144 138 138
40 =      145 138 138
41 =      146 138 138
42 =      147 138 138
43 =      148 138 138
44 =      148 139 138
45 =      147 139 138
46 =      146 139 138
47 =      145 139 138

102


Initial Kinetic Energy : 100
Alpha = 70 Beta = 81
------------------------------------------------------------------------------

Hightest attempted 0 times... out of 500   div loops diff = 2903762  repair call  8680647

0 =      135 135 135
1 =      136 135 135
2 =      136 135 134
3 =      137 135 134
4 =      137 135 135
5 =      138 135 135
6 =      139 135 135
7 =      139 136 135
8 =      140 136 135
9 =      140 136 134
10 =      141 136 134
11 =      141 137 134
12 =      141 138 134
13 =      141 138 135
14 =      141 137 135
15 =      141 136 135
16 =      141 135 135
17 =      141 135 136
18 =      142 135 136
19 =      143 135 136
20 =      143 134 136
21 =      143 133 136
22 =      142 133 136
23 =      142 134 136
24 =      141 134 136
25 =      141 134 135
26 =      140 134 135
27 =      140 133 135
28 =      140 133 136
29 =      141 133 136
30 =      141 132 136
31 =      141 131 136
32 =      141 131 137
33 =      141 132 137
34 =      141 133 137
35 =      142 133 137
36 =      143 133 137
37 =      144 133 137
38 =      145 133 137
39 =      145 134 137
40 =      145 134 136
41 =      144 134 136
42 =      144 134 137
43 =      144 135 137
44 =      143 135 137
45 =      143 134 137
46 =      142 134 137
47 =      142 135 137

102


Initial Kinetic Energy : 100
Alpha = 81 Beta = 50
------------------------------------------------------------------------------

Hightest attempted 0 times... out of 500   div loops diff = 3223210  repair call  9600574

0 =      135 135 135
1 =      135 135 136
2 =      136 135 136
3 =      136 135 135
4 =      137 135 135
5 =      138 135 135
6 =      139 135 135
7 =      139 135 134
8 =      140 135 134
9 =      140 135 133
10 =      141 135 133
11 =      141 136 133
12 =      141 137 133
13 =      141 137 134
14 =      141 136 134
15 =      141 135 134
16 =      141 134 134
17 =      141 134 135
18 =      142 134 135
19 =      143 134 135
20 =      144 134 135
21 =      144 135 135
22 =      143 135 135
23 =      142 135 135
24 =      141 135 135
25 =      141 135 136
26 =      141 134 136
27 =      141 133 136
28 =      140 133 136
29 =      139 133 136
30 =      139 133 135
31 =      139 134 135
32 =      140 134 135
33 =      140 134 136
34 =      139 134 136
35 =      139 135 136
36 =      139 136 136
37 =      138 136 136
38 =      137 136 136
39 =      137 135 136
40 =      138 135 136
41 =      138 134 136
42 =      138 133 136
43 =      138 132 136
44 =      138 131 136
45 =      138 130 136
46 =      138 130 137
47 =      138 131 137

102


Initial Kinetic Energy : 100
Alpha = 51 Beta = 73
------------------------------------------------------------------------------

Hightest attempted 0 times... out of 500   div loops diff = 2736267  repair call  8630182

0 =      135 135 135
1 =      136 135 135
2 =      136 136 135
3 =      136 136 134
4 =      136 137 134
5 =      135 137 134
6 =      135 137 135
7 =      135 137 136
8 =      134 137 136
9 =      133 137 136
10 =      133 138 136
11 =      133 139 136
12 =      133 140 136
13 =      132 140 136
14 =      132 141 136
15 =      131 141 136
16 =      130 141 136
17 =      129 141 136
18 =      129 141 137
19 =      130 141 137
20 =      131 141 137
21 =      131 140 137
22 =      131 140 136
23 =      130 140 136
24 =      130 139 136
25 =      130 139 137
26 =      131 139 137
27 =      131 139 136
28 =      131 138 136
29 =      131 138 135
30 =      131 137 135
31 =      132 137 135
32 =      133 137 135
33 =      134 137 135
34 =      134 138 135
35 =      134 139 135
36 =      134 140 135
37 =      133 140 135
38 =      132 140 135
39 =      132 139 135
40 =      133 139 135
41 =      133 138 135
42 =      132 138 135
43 =      132 138 136
44 =      132 137 136
45 =      131 137 136
46 =      130 137 136
47 =      130 138 136

102


Initial Kinetic Energy : 100
Alpha = 53 Beta = 81
------------------------------------------------------------------------------

Hightest attempted 0 times... out of 500   div loops diff = 2675740  repair call  8723707

0 =      135 135 135
1 =      136 135 135
2 =      136 135 134
3 =      137 135 134
4 =      137 135 135
5 =      138 135 135
6 =      139 135 135
7 =      139 136 135
8 =      140 136 135
9 =      140 136 134
10 =      141 136 134
11 =      141 137 134
12 =      141 138 134
13 =      141 138 135
14 =      141 137 135
15 =      141 136 135
16 =      141 136 136
17 =      140 136 136
18 =      139 136 136
19 =      139 135 136
20 =      140 135 136
21 =      141 135 136
22 =      142 135 136
23 =      142 134 136
24 =      141 134 136
25 =      141 134 137
26 =      142 134 137
27 =      142 135 137
28 =      141 135 137
29 =      140 135 137
30 =      140 134 137
31 =      140 134 136
32 =      139 134 136
33 =      139 133 136
34 =      140 133 136
35 =      141 133 136
36 =      141 133 135
37 =      141 133 134
38 =      141 133 133
39 =      142 133 133
40 =      142 133 134
41 =      143 133 134
42 =      143 134 134
43 =      144 134 134
44 =      144 135 134
45 =      143 135 134
46 =      143 136 134
47 =      144 136 134

102


Initial Kinetic Energy : 100
Alpha = 59 Beta = 65
------------------------------------------------------------------------------

Hightest attempted 0 times... out of 500   div loops diff = 2735520  repair call  9025492

0 =      135 135 135
1 =      136 135 135
2 =      136 135 134
3 =      137 135 134
4 =      137 135 135
5 =      138 135 135
6 =      139 135 135
7 =      139 136 135
8 =      140 136 135
9 =      140 136 134
10 =      141 136 134
11 =      141 137 134
12 =      141 138 134
13 =      141 138 135
14 =      141 137 135
15 =      141 136 135
16 =      141 136 136
17 =      140 136 136
18 =      139 136 136
19 =      139 135 136
20 =      140 135 136
21 =      141 135 136
22 =      142 135 136
23 =      142 134 136
24 =      141 134 136
25 =      141 134 137
26 =      142 134 137
27 =      142 135 137
28 =      141 135 137
29 =      140 135 137
30 =      140 134 137
31 =      140 134 136
32 =      139 134 136
33 =      139 133 136
34 =      140 133 136
35 =      141 133 136
36 =      141 133 135
37 =      141 133 134
38 =      141 133 133
39 =      142 133 133
40 =      142 133 134
41 =      143 133 134
42 =      143 134 134
43 =      143 134 135
44 =      142 134 135
45 =      142 135 135
46 =      143 135 135
47 =      143 136 135

102


Initial Kinetic Energy : 100
Alpha = 78 Beta = 61
------------------------------------------------------------------------------

Hightest attempted 0 times... out of 500   div loops diff = 3173874  repair call  9535735

0 =      135 135 135
1 =      135 135 136
2 =      136 135 136
3 =      136 135 135
4 =      137 135 135
5 =      137 136 135
6 =      137 136 136
7 =      138 136 136
8 =      139 136 136
9 =      139 136 135
10 =      140 136 135
11 =      140 137 135
12 =      140 138 135
13 =      140 138 136
14 =      140 137 136
15 =      140 136 136
16 =      140 135 136
17 =      140 135 137
18 =      141 135 137
19 =      142 135 137
20 =      143 135 137
21 =      143 136 137
22 =      142 136 137
23 =      141 136 137
24 =      140 136 137
25 =      140 137 137
26 =      139 137 137
27 =      139 137 136
28 =      138 137 136
29 =      137 137 136
30 =      137 138 136
31 =      138 138 136
32 =      139 138 136
33 =      139 139 136
34 =      140 139 136
35 =      141 139 136
36 =      141 140 136
37 =      142 140 136
38 =      142 141 136
39 =      142 141 137
40 =      142 142 137
41 =      142 142 138
42 =      143 142 138
43 =      144 142 138
44 =      144 143 138
45 =      143 143 138
46 =      143 144 138
47 =      144 144 138

102


Initial Kinetic Energy : 100
Alpha = 66 Beta = 60
------------------------------------------------------------------------------

Hightest attempted 0 times... out of 500   div loops diff = 3237598  repair call  9451862

0 =      135 135 135
1 =      136 135 135
2 =      136 136 135
3 =      136 136 134
4 =      136 137 134
5 =      135 137 134
6 =      135 137 135
7 =      135 137 136
8 =      134 137 136
9 =      133 137 136
10 =      133 138 136
11 =      134 138 136
12 =      135 138 136
13 =      135 138 137
14 =      134 138 137
15 =      134 137 137
16 =      133 137 137
17 =      133 136 137
18 =      133 136 138
19 =      133 135 138
20 =      132 135 138
21 =      131 135 138
22 =      130 135 138
23 =      130 136 138
24 =      131 136 138
25 =      131 137 138
26 =      131 137 137
27 =      132 137 137
28 =      132 136 137
29 =      131 136 137
30 =      130 136 137
31 =      130 135 137
32 =      130 135 136
33 =   130 135 137    match with  31
34 =   130 135 136    match with  32
35 =      130 135 135
36 =      131 135 135
37 =      132 135 135
38 =      132 135 136
39 =      133 135 136
40 =      134 135 136
41 =      135 135 136
42 =      135 136 136
43 =      134 136 136
44 =      133 136 136
45 =   133 136 137    match with  17
46 =      134 136 137
47 =      135 136 137

102


Initial Kinetic Energy : 100
Alpha = 66 Beta = 68
------------------------------------------------------------------------------

Hightest attempted 0 times... out of 500   div loops diff = 3213700  repair call  9496861

0 =      135 135 135
1 =      136 135 135
2 =      136 135 134
3 =      137 135 134
4 =      137 135 135
5 =      138 135 135
6 =      138 135 136
7 =      139 135 136
8 =      140 135 136
9 =      140 135 135
10 =      141 135 135
11 =      141 135 134
12 =      142 135 134
13 =      143 135 134
14 =      144 135 134
15 =      144 136 134
16 =      145 136 134
17 =      146 136 134
18 =      146 136 135
19 =      145 136 135
20 =      144 136 135
21 =      143 136 135
22 =      143 135 135
23 =      144 135 135
24 =      145 135 135
25 =      146 135 135
26 =      146 134 135
27 =      145 134 135
28 =      144 134 135
29 =      144 134 134
30 =      145 134 134
31 =      145 135 134
32 =      146 135 134
33 =      147 135 134
34 =      147 136 134
35 =      147 137 134
36 =      147 138 134
37 =      147 139 134
38 =      147 140 134
39 =      148 140 134
40 =      149 140 134
41 =      150 140 134
42 =      151 140 134
43 =      151 140 135
44 =      152 140 135
45 =      152 140 136
46 =      152 141 136
47 =      153 141 136

102


Initial Kinetic Energy : 100
Alpha = 81 Beta = 66
------------------------------------------------------------------------------

Hightest attempted 0 times... out of 500   div loops diff = 2725091  repair call  8795570

0 =      135 135 135
1 =      136 135 135
2 =      136 135 134
3 =      137 135 134
4 =      137 135 135
5 =      138 135 135
6 =      139 135 135
7 =      139 136 135
8 =      140 136 135
9 =      140 136 134
10 =      141 136 134
11 =      141 137 134
12 =      141 138 134
13 =      141 138 135
14 =      141 137 135
15 =      141 136 135
16 =      141 136 136
17 =      140 136 136
18 =      139 136 136
19 =      139 135 136
20 =      140 135 136
21 =      141 135 136
22 =      142 135 136
23 =      142 134 136
24 =      141 134 136
25 =      141 134 137
26 =      142 134 137
27 =      142 135 137
28 =      141 135 137
29 =      140 135 137
30 =      140 134 137
31 =      140 134 136
32 =      139 134 136
33 =      139 133 136
34 =      140 133 136
35 =      141 133 136
36 =      141 133 135
37 =      141 133 134
38 =      141 133 133
39 =      142 133 133
40 =      142 133 134
41 =      143 133 134
42 =      143 134 134
43 =      143 134 135
44 =      142 134 135
45 =      142 135 135
46 =      143 135 135
47 =      144 135 135

102

