
Initial Kinetic Energy : 100
Alpha = 72 Beta = 55
------------------------------------------------------------------------------

Hightest attempted 0 times... out of 500   div loops diff = 2501157  repair call  10157720

0 =      135 135 135
1 =      135 135 136
2 =      134 135 136
3 =      134 135 135
4 =      134 136 135
5 =      134 136 136
6 =      133 136 136
7 =      133 136 135
8 =      132 136 135
9 =      132 135 135
10 =      133 135 135
11 =      133 134 135
12 =      134 134 135
13 =      134 134 136
14 =      135 134 136
15 =      135 134 135
16 =      135 133 135
17 =      135 133 136
18 =      136 133 136
19 =      136 133 135
20 =      136 134 135
21 =      137 134 135
22 =      137 134 134
23 =      138 134 134
24 =      138 135 134
25 =      139 135 134
26 =      140 135 134
27 =      140 135 133
28 =      141 135 133
29 =      141 135 132
30 =      141 134 132
31 =      140 134 132
32 =      139 134 132
33 =      138 134 132
34 =      138 135 132
35 =      139 135 132
36 =      140 135 132
37 =      140 136 132
38 =      141 136 132
39 =      141 136 131
40 =      142 136 131
41 =      143 136 131
42 =      144 136 131
43 =      144 136 130
44 =      145 136 130
45 =      145 137 130
46 =      145 137 131
47 =      145 136 131
48 =      146 136 131
49 =      146 136 132
50 =      147 136 132
51 =      147 136 131
52 =      147 135 131
53 =      148 135 131
54 =      148 136 131
55 =      148 136 132
56 =      149 136 132
57 =      149 137 132
58 =      150 137 132
59 =      151 137 132
60 =      151 136 132
61 =      150 136 132
62 =      150 135 132
63 =      151 135 132

102

