
Initial Kinetic Energy : 100
Alpha = 56 Beta = 66
------------------------------------------------------------------------------

Hightest attempted 0 times... out of 500   div loops diff = 1729842  repair call  9111021

0 =      135 135 135
1 =      135 135 134
2 =      136 135 134
3 =      136 135 135
4 =      137 135 135
5 =      138 135 135
6 =      139 135 135
7 =      140 135 135
8 =      141 135 135
9 =      141 136 135
10 =      141 137 135
11 =      141 137 134
12 =      142 137 134
13 =      143 137 134
14 =      143 136 134
15 =      142 136 134
16 =      141 136 134
17 =      140 136 134
18 =      140 137 134
19 =      140 138 134
20 =      141 138 134
21 =      141 138 133
22 =      141 137 133
23 =      141 136 133
24 =      140 136 133
25 =      139 136 133
26 =      138 136 133
27 =      137 136 133
28 =      137 137 133
29 =      138 137 133
30 =      139 137 133
31 =      139 137 134
32 =      139 136 134
33 =      138 136 134
34 =      138 135 134
35 =      139 135 134
36 =      139 135 133
37 =      140 135 133
38 =      141 135 133
39 =      142 135 133
40 =      143 135 133
41 =      144 135 133
42 =      144 136 133
43 =      145 136 133
44 =      146 136 133
45 =      146 137 133
46 =      146 137 132
47 =      147 137 132

102


Initial Kinetic Energy : 100
Alpha = 73 Beta = 60
------------------------------------------------------------------------------

Hightest attempted 0 times... out of 500   div loops diff = 2147300  repair call  9142021

0 =      135 135 135
1 =      135 135 134
2 =      136 135 134
3 =      136 135 135
4 =      137 135 135
5 =      138 135 135
6 =      139 135 135
7 =      140 135 135
8 =      141 135 135
9 =      142 135 135
10 =      143 135 135
11 =      143 136 135
12 =      143 137 135
13 =      142 137 135
14 =      142 138 135
15 =      142 138 136
16 =      142 137 136
17 =      143 137 136
18 =      144 137 136
19 =      144 136 136
20 =      144 136 137
21 =      143 136 137
22 =      142 136 137
23 =      141 136 137
24 =      141 137 137
25 =      141 137 136
26 =      140 137 136
27 =      140 136 136
28 =      141 136 136
29 =      142 136 136
30 =      143 136 136
31 =      143 135 136
32 =      142 135 136
33 =      141 135 136
34 =      140 135 136
35 =      139 135 136
36 =      138 135 136
37 =      138 136 136
38 =      138 137 136
39 =      139 137 136
40 =      139 138 136
41 =      139 138 135
42 =      140 138 135
43 =      140 137 135
44 =      141 137 135
45 =      141 136 135
46 =      142 136 135
47 =      142 136 134

102


Initial Kinetic Energy : 100
Alpha = 63 Beta = 55
------------------------------------------------------------------------------


Initial Kinetic Energy : 100
Alpha = 51 Beta = 61
------------------------------------------------------------------------------


Initial Kinetic Energy : 100
Alpha = 55 Beta = 63
------------------------------------------------------------------------------


Initial Kinetic Energy : 100
Alpha = 72 Beta = 67
------------------------------------------------------------------------------


Initial Kinetic Energy : 100
Alpha = 58 Beta = 59
------------------------------------------------------------------------------


Initial Kinetic Energy : 100
Alpha = 53 Beta = 50
------------------------------------------------------------------------------

Hightest attempted 0 times... out of 500   div loops diff = 2051679  repair call  9174471

0 =      135 135 135
1 =      135 135 134
2 =      136 135 134
3 =      136 135 135
4 =      137 135 135
5 =      138 135 135
6 =      139 135 135
7 =      140 135 135
8 =      141 135 135
9 =      142 135 135
10 =      143 135 135
11 =      143 136 135
12 =      143 137 135
13 =      142 137 135
14 =      142 138 135
15 =      142 138 136
16 =      142 137 136
17 =      143 137 136
18 =      144 137 136
19 =      144 136 136
20 =      144 136 137
21 =      143 136 137
22 =      142 136 137
23 =      141 136 137
24 =      141 137 137
25 =      141 137 136
26 =      140 137 136
27 =      140 136 136
28 =      141 136 136
29 =      142 136 136
30 =      143 136 136
31 =      143 135 136
32 =      142 135 136
33 =      141 135 136
34 =      140 135 136
35 =      140 135 137
36 =      141 135 137
37 =      142 135 137
38 =      143 135 137
39 =      144 135 137
40 =      145 135 137
41 =      146 135 137
42 =      147 135 137
43 =      147 136 137
44 =      147 137 137
45 =      148 137 137
46 =      148 138 137
47 =      148 139 137

102


Initial Kinetic Energy : 100
Alpha = 70 Beta = 68
------------------------------------------------------------------------------

Hightest attempted 0 times... out of 500   div loops diff = 2635369  repair call  10263954

0 =      135 135 135
1 =      135 135 136
2 =      136 135 136
3 =      136 135 135
4 =      137 135 135
5 =      138 135 135
6 =      139 135 135
7 =      140 135 135
8 =      141 135 135
9 =      142 135 135
10 =      143 135 135
11 =      143 136 135
12 =      143 136 134
13 =      144 136 134
14 =      145 136 134
15 =      146 136 134
16 =      146 135 134
17 =      147 135 134
18 =      148 135 134
19 =      148 135 135
20 =      147 135 135
21 =      146 135 135
22 =      145 135 135
23 =      145 136 135
24 =      146 136 135
25 =      146 137 135
26 =      145 137 135
27 =      144 137 135
28 =      144 136 135
29 =      144 135 135
30 =      144 135 136
31 =      145 135 136
32 =      146 135 136
33 =      147 135 136
34 =      148 135 136
35 =      148 136 136
36 =      147 136 136
37 =      147 136 135
38 =      148 136 135
39 =      149 136 135
40 =      150 136 135
41 =      150 137 135
42 =      150 137 136
43 =      149 137 136
44 =      148 137 136
45 =      147 137 136
46 =      147 137 137
47 =      148 137 137

102


Initial Kinetic Energy : 100
Alpha = 72 Beta = 75
------------------------------------------------------------------------------

Hightest attempted 0 times... out of 500   div loops diff = 1822621  repair call  8521592

0 =      135 135 135
1 =      135 135 134
2 =      136 135 134
3 =      137 135 134
4 =      137 135 135
5 =      136 135 135
6 =      136 136 135
7 =      135 136 135
8 =      134 136 135
9 =      134 135 135
10 =      133 135 135
11 =      133 134 135
12 =      132 134 135
13 =      132 134 136
14 =      133 134 136
15 =      134 134 136
16 =      135 134 136
17 =      136 134 136
18 =      137 134 136
19 =      137 134 135
20 =      136 134 135
21 =      135 134 135
22 =      134 134 135
23 =      134 133 135
24 =      134 132 135
25 =      134 132 136
26 =      134 133 136
27 =      135 133 136
28 =      135 133 135
29 =      136 133 135
30 =      137 133 135
31 =      137 133 134
32 =      137 134 134
33 =      136 134 134
34 =      135 134 134
35 =      134 134 134
36 =      134 133 134
37 =      135 133 134
38 =      136 133 134
39 =      136 133 133
40 =      135 133 133
41 =      134 133 133
42 =      133 133 133
43 =      133 134 133
44 =      134 134 133
45 =      134 135 133
46 =      134 135 132
47 =      135 135 132

102


Initial Kinetic Energy : 100
Alpha = 53 Beta = 64
------------------------------------------------------------------------------

Hightest attempted 0 times... out of 500   div loops diff = 1498546  repair call  10265848

0 =      135 135 135
1 =      135 135 134
2 =      136 135 134
3 =      136 135 135
4 =      137 135 135
5 =      138 135 135
6 =      139 135 135
7 =      139 135 134
8 =      139 135 133
9 =      139 135 132
10 =      140 135 132
11 =      140 135 131
12 =      140 135 130
13 =      140 135 129
14 =      140 134 129
15 =      141 134 129
16 =      142 134 129
17 =      142 135 129
18 =      143 135 129
19 =      143 135 130
20 =      142 135 130
21 =      142 136 130
22 =      142 137 130
23 =      141 137 130
24 =      140 137 130
25 =      140 137 129
26 =      141 137 129
27 =      141 136 129
28 =      141 135 129
29 =      141 135 130
30 =      141 136 130
31 =      140 136 130
32 =      140 136 131
33 =      141 136 131
34 =      141 135 131
35 =      142 135 131
36 =      143 135 131
37 =      143 134 131
38 =      142 134 131
39 =      141 134 131
40 =      140 134 131
41 =      139 134 131
42 =      139 135 131
43 =      139 136 131
44 =      138 136 131
45 =      138 137 131
46 =      139 137 131
47 =      140 137 131

102


Initial Kinetic Energy : 100
Alpha = 54 Beta = 66
------------------------------------------------------------------------------

Hightest attempted 0 times... out of 500   div loops diff = 2494077  repair call  10284697

0 =      135 135 135
1 =      135 135 134
2 =      136 135 134
3 =      136 135 135
4 =      137 135 135
5 =      138 135 135
6 =      139 135 135
7 =      139 135 134
8 =      139 135 133
9 =      139 135 132
10 =      140 135 132
11 =      140 135 131
12 =      140 135 130
13 =      140 135 129
14 =      140 134 129
15 =      141 134 129
16 =      142 134 129
17 =      142 135 129
18 =      143 135 129
19 =      143 135 130
20 =      142 135 130
21 =      142 136 130
22 =      142 137 130
23 =      141 137 130
24 =      140 137 130
25 =      140 137 129
26 =      141 137 129
27 =      141 136 129
28 =      141 135 129
29 =      141 135 130
30 =      141 136 130
31 =      140 136 130
32 =      139 136 130
33 =      138 136 130
34 =      137 136 130
35 =      137 135 130
36 =      136 135 130
37 =      136 134 130
38 =      136 133 130
39 =      136 132 130
40 =      136 132 131
41 =      137 132 131
42 =      138 132 131
43 =      139 132 131
44 =      139 133 131
45 =      139 134 131
46 =      139 135 131
47 =      139 136 131

102


Initial Kinetic Energy : 100
Alpha = 64 Beta = 60
------------------------------------------------------------------------------


Initial Kinetic Energy : 100
Alpha = 79 Beta = 55
------------------------------------------------------------------------------

Hightest attempted 0 times... out of 500   div loops diff = 3025569  repair call  10766747

0 =      135 135 135
1 =      135 135 136
2 =      136 135 136
3 =      137 135 136
4 =      138 135 136
5 =      139 135 136
6 =      139 134 136
7 =      139 134 135
8 =      140 134 135
9 =      140 135 135
10 =      139 135 135
11 =      138 135 135
12 =      138 136 135
13 =      139 136 135
14 =      140 136 135
15 =      140 136 134
16 =      139 136 134
17 =      138 136 134
18 =      137 136 134
19 =      137 135 134
20 =      138 135 134
21 =      139 135 134
22 =      140 135 134
23 =      140 134 134
24 =      139 134 134
25 =      138 134 134
26 =      137 134 134
27 =      136 134 134
28 =      135 134 134
29 =      135 135 134
30 =      136 135 134
31 =      136 135 135
32 =      137 135 135
33 =      137 134 135
34 =      138 134 135
35 =      138 133 135
36 =      139 133 135
37 =      139 133 134
38 =      140 133 134
39 =      141 133 134
40 =      142 133 134
41 =      143 133 134
42 =      143 133 135
43 =      143 133 136
44 =      142 133 136
45 =      142 132 136
46 =      142 131 136
47 =      143 131 136

102


Initial Kinetic Energy : 100
Alpha = 57 Beta = 59
------------------------------------------------------------------------------


Initial Kinetic Energy : 100
Alpha = 59 Beta = 81
------------------------------------------------------------------------------

Hightest attempted 0 times... out of 500   div loops diff = 1735554  repair call  9035116

0 =      135 135 135
1 =      136 135 135
2 =      136 135 134
3 =      135 135 134
4 =      134 135 134
5 =      134 135 133
6 =      134 134 133
7 =      134 133 133
8 =      134 133 134
9 =      135 133 134
10 =      136 133 134
11 =      137 133 134
12 =      137 134 134
13 =      136 134 134
14 =      136 134 133
15 =      135 134 133
16 =      135 134 134
17 =      134 134 134
18 =      134 134 135
19 =      135 134 135
20 =      135 133 135
21 =      136 133 135
22 =      136 134 135
23 =      137 134 135
24 =      138 134 135
25 =      138 134 136
26 =      139 134 136
27 =      140 134 136
28 =      140 135 136
29 =      141 135 136
30 =      141 136 136
31 =      141 137 136
32 =      141 137 135
33 =      141 138 135
34 =      140 138 135
35 =      139 138 135
36 =      138 138 135
37 =      138 137 135
38 =      137 137 135
39 =      136 137 135
40 =      135 137 135
41 =      134 137 135
42 =      134 137 136
43 =      135 137 136
44 =      135 138 136
45 =      136 138 136
46 =      136 139 136
47 =      135 139 136

102


Initial Kinetic Energy : 100
Alpha = 79 Beta = 53
------------------------------------------------------------------------------

Hightest attempted 0 times... out of 500   div loops diff = 1731619  repair call  10350274

0 =      135 135 135
1 =      135 135 134
2 =      136 135 134
3 =      136 135 135
4 =      137 135 135
5 =      138 135 135
6 =      139 135 135
7 =      140 135 135
8 =      141 135 135
9 =      142 135 135
10 =      143 135 135
11 =      143 136 135
12 =      143 136 134
13 =      144 136 134
14 =      144 136 133
15 =      143 136 133
16 =      142 136 133
17 =      142 137 133
18 =      141 137 133
19 =      141 138 133
20 =      141 138 134
21 =      142 138 134
22 =      142 137 134
23 =      141 137 134
24 =      140 137 134
25 =      140 136 134
26 =      140 135 134
27 =      141 135 134
28 =      142 135 134
29 =      142 136 134
30 =      141 136 134
31 =      141 136 135
32 =      142 136 135
33 =      142 136 136
34 =      141 136 136
35 =      141 136 137
36 =      141 136 138
37 =      141 137 138
38 =      142 137 138
39 =      143 137 138
40 =      144 137 138
41 =      145 137 138
42 =      146 137 138
43 =      147 137 138
44 =      148 137 138
45 =      148 136 138
46 =      149 136 138
47 =      150 136 138

102


Initial Kinetic Energy : 100
Alpha = 62 Beta = 58
------------------------------------------------------------------------------

Hightest attempted 0 times... out of 500   div loops diff = 2261191  repair call  9126961

0 =      135 135 135
1 =      135 135 134
2 =      136 135 134
3 =      136 135 135
4 =      137 135 135
5 =      138 135 135
6 =      139 135 135
7 =      140 135 135
8 =      141 135 135
9 =      142 135 135
10 =      143 135 135
11 =      143 136 135
12 =      143 137 135
13 =      142 137 135
14 =      142 138 135
15 =      142 138 136
16 =      142 137 136
17 =      143 137 136
18 =      144 137 136
19 =      144 136 136
20 =      144 136 137
21 =      143 136 137
22 =      142 136 137
23 =      141 136 137
24 =      141 137 137
25 =      141 137 136
26 =      140 137 136
27 =      140 136 136
28 =      141 136 136
29 =      142 136 136
30 =      143 136 136
31 =      143 135 136
32 =      142 135 136
33 =      141 135 136
34 =      140 135 136
35 =      140 134 136
36 =      141 134 136
37 =      142 134 136
38 =      142 134 137
39 =      143 134 137
40 =      144 134 137
41 =      144 134 136
42 =      144 133 136
43 =      143 133 136
44 =      143 133 135
45 =      143 134 135
46 =      142 134 135
47 =      141 134 135

102


Initial Kinetic Energy : 100
Alpha = 51 Beta = 71
------------------------------------------------------------------------------

Hightest attempted 0 times... out of 500   div loops diff = 2654374  repair call  9898208

0 =      135 135 135
1 =      135 135 136
2 =      134 135 136
3 =      134 135 137
4 =      135 135 137
5 =      135 134 137
6 =      134 134 137
7 =      134 133 137
8 =      134 133 138
9 =      135 133 138
10 =      135 134 138
11 =      135 135 138
12 =      135 135 139
13 =      135 134 139
14 =      135 133 139
15 =      134 133 139
16 =      134 134 139
17 =      134 134 138
18 =      134 135 138
19 =      134 135 139
20 =      134 136 139
21 =      135 136 139
22 =      135 136 138
23 =      135 137 138
24 =      135 137 139
25 =      135 138 139
26 =      135 138 138
27 =      134 138 138
28 =      134 137 138
29 =      134 136 138
30 =      134 136 137
31 =      135 136 137
32 =      136 136 137
33 =      136 136 138
34 =      136 135 138
35 =      137 135 138
36 =      137 134 138
37 =      136 134 138
38 =      136 134 137
39 =   135 134 137    match with  5
40 =   134 134 137    match with  6
41 =   134 135 137    match with  3
42 =      133 135 137
43 =      132 135 137
44 =      132 136 137
45 =      133 136 137
46 =   134 136 137    match with  30
47 =   134 136 138    match with  29
48 =   135 136 138    match with  22
49 =   135 137 138    match with  23
50 =      136 137 138
51 =      136 137 137
52 =      136 138 137
53 =      137 138 137
54 =      138 138 137
55 =      138 139 137
56 =      137 139 137
57 =      137 140 137
58 =      136 140 137
59 =      136 141 137
60 =      137 141 137
61 =      138 141 137
62 =      139 141 137
63 =      140 141 137

102


Initial Kinetic Energy : 100
Alpha = 70 Beta = 52
------------------------------------------------------------------------------

Hightest attempted 0 times... out of 500   div loops diff = 1660872  repair call  10345392

0 =      135 135 135
1 =      134 135 135
2 =      134 135 136
3 =      134 135 137
4 =      135 135 137
5 =      136 135 137
6 =      136 135 136
7 =      136 135 135
8 =      137 135 135
9 =      137 135 134
10 =      136 135 134
11 =      135 135 134
12 =      135 135 133
13 =      136 135 133
14 =      136 135 132
15 =      137 135 132
16 =      137 134 132
17 =      138 134 132
18 =      139 134 132
19 =      139 133 132
20 =      138 133 132
21 =      137 133 132
22 =      136 133 132
23 =      135 133 132
24 =      135 133 133
25 =      136 133 133
26 =      137 133 133
27 =      137 134 133
28 =      136 134 133
29 =      135 134 133
30 =      134 134 133
31 =      134 134 134
32 =      135 134 134
33 =      136 134 134
34 =      137 134 134
35 =      138 134 134
36 =      139 134 134
37 =      139 135 134
38 =      139 136 134
39 =      140 136 134
40 =      140 136 135
41 =      140 137 135
42 =      140 138 135
43 =      141 138 135
44 =      141 139 135
45 =      140 139 135
46 =      140 140 135
47 =      140 141 135

102


Initial Kinetic Energy : 100
Alpha = 82 Beta = 57
------------------------------------------------------------------------------

Hightest attempted 0 times... out of 500   div loops diff = 2208453  repair call  9194218

0 =      135 135 135
1 =      135 135 136
2 =      136 135 136
3 =      136 135 135
4 =      137 135 135
5 =      138 135 135
6 =      139 135 135
7 =      140 135 135
8 =      141 135 135
9 =      142 135 135
10 =      143 135 135
11 =      143 136 135
12 =      143 137 135
13 =      142 137 135
14 =      142 138 135
15 =      142 138 136
16 =      142 137 136
17 =      143 137 136
18 =      144 137 136
19 =      144 136 136
20 =      144 136 137
21 =      143 136 137
22 =      142 136 137
23 =      141 136 137
24 =      141 137 137
25 =      141 137 136
26 =      140 137 136
27 =      140 136 136
28 =      141 136 136
29 =      142 136 136
30 =      143 136 136
31 =      143 135 136
32 =      142 135 136
33 =      141 135 136
34 =      140 135 136
35 =      140 134 136
36 =      141 134 136
37 =      142 134 136
38 =      143 134 136
39 =      143 133 136
40 =      143 133 137
41 =      142 133 137
42 =      142 132 137
43 =      141 132 137
44 =      141 133 137
45 =      141 134 137
46 =      141 135 137
47 =      142 135 137

102


Initial Kinetic Energy : 100
Alpha = 55 Beta = 66
------------------------------------------------------------------------------

Hightest attempted 0 times... out of 500   div loops diff = 2604943  repair call  10290884

0 =      135 135 135
1 =      135 135 134
2 =      136 135 134
3 =      136 135 135
4 =      137 135 135
5 =      138 135 135
6 =      139 135 135
7 =      140 135 135
8 =      141 135 135
9 =      142 135 135
10 =      143 135 135
11 =      143 136 135
12 =      143 137 135
13 =      143 137 134
14 =      143 138 134
15 =      142 138 134
16 =      141 138 134
17 =      141 137 134
18 =      142 137 134
19 =      142 137 135
20 =      142 136 135
21 =      141 136 135
22 =      141 136 136
23 =      142 136 136
24 =      142 135 136
25 =      142 134 136
26 =      141 134 136
27 =      141 135 136
28 =      140 135 136
29 =      139 135 136
30 =      138 135 136
31 =      137 135 136
32 =      136 135 136
33 =      135 135 136
34 =      135 134 136
35 =      136 134 136
36 =      137 134 136
37 =      138 134 136
38 =      138 133 136
39 =      137 133 136
40 =      136 133 136
41 =      136 133 137
42 =      137 133 137
43 =      137 134 137
44 =      138 134 137
45 =      139 134 137
46 =      139 134 136
47 =      140 134 136

102


Initial Kinetic Energy : 100
Alpha = 51 Beta = 69
------------------------------------------------------------------------------

Hightest attempted 0 times... out of 500   div loops diff = 1216243  repair call  8969119

0 =      135 135 135
1 =      136 135 135
2 =      136 136 135
3 =      136 136 134
4 =      136 137 134
5 =      135 137 134
6 =      135 137 135
7 =      136 137 135
8 =      137 137 135
9 =      137 137 134
10 =      138 137 134
11 =      138 138 134
12 =      138 139 134
13 =      137 139 134
14 =      137 140 134
15 =      137 140 135
16 =      137 139 135
17 =      138 139 135
18 =      139 139 135
19 =      139 138 135
20 =      139 138 136
21 =      138 138 136
22 =      138 138 135
23 =      137 138 135
24 =      136 138 135
25 =      136 138 134
26 =      137 138 134
27 =      137 138 133
28 =      137 139 133
29 =      137 140 133
30 =      137 141 133
31 =      136 141 133
32 =      135 141 133
33 =      135 140 133
34 =      134 140 133
35 =      134 140 134
36 =      134 140 135
37 =      134 139 135
38 =      134 138 135
39 =      134 137 135
40 =      133 137 135
41 =      132 137 135
42 =      132 136 135
43 =      133 136 135
44 =      133 135 135
45 =      134 135 135
46 =      134 136 135
47 =      135 136 135

102

