
Initial Kinetic Energy : 100
Alpha = 54 Beta = 66
------------------------------------------------------------------------------

Hightest attempted 0 times... out of 500   div loops diff = 3981676  repair call  15078068

0 =      135 135 135
1 =      135 135 134
2 =      136 135 134
3 =      136 135 135
4 =      137 135 135
5 =      138 135 135
6 =      139 135 135
7 =      140 135 135
8 =      141 135 135
9 =      142 135 135
10 =      143 135 135
11 =      144 135 135
12 =      144 136 135
13 =      143 136 135
14 =      142 136 135
15 =      141 136 135
16 =      140 136 135
17 =      139 136 135
18 =      139 136 134
19 =      138 136 134
20 =      137 136 134
21 =      136 136 134
22 =      135 136 134
23 =      135 136 133
24 =      134 136 133
25 =      134 136 134
26 =      133 136 134
27 =      133 137 134
28 =      133 137 135
29 =      134 137 135
30 =      134 136 135
31 =      134 135 135
32 =      134 134 135
33 =      133 134 135
34 =      132 134 135
35 =      131 134 135
36 =      131 134 136
37 =      131 135 136
38 =      131 135 137
39 =      132 135 137
40 =      132 135 136
41 =      133 135 136
42 =      133 135 137
43 =      134 135 137
44 =      134 135 136
45 =      135 135 136
46 =      135 135 137
47 =      136 135 137
48 =      136 135 136
49 =      137 135 136
50 =      137 135 137
51 =      138 135 137
52 =      138 135 136
53 =      139 135 136
54 =      140 135 136
55 =      140 135 137
56 =      141 135 137
57 =      141 135 136
58 =      142 135 136
59 =      143 135 136
60 =      144 135 136
61 =      144 135 137
62 =      145 135 137
63 =      145 136 137

102

