
Initial Kinetic Energy : 100
Alpha = 82 Beta = 75
------------------------------------------------------------------------------

Hightest attempted 0 times... out of 500   div loops diff = 3904114  repair call  10569330

0 =      135 135 135
1 =      135 135 136
2 =      134 135 136
3 =      134 135 135
4 =      133 135 135
5 =      132 135 135
6 =      132 136 135
7 =      133 136 135
8 =      133 136 134
9 =      134 136 134
10 =      134 137 134
11 =      133 137 134
12 =      132 137 134
13 =      131 137 134
14 =      131 138 134
15 =      132 138 134
16 =      133 138 134
17 =      134 138 134
18 =      134 138 133
19 =      134 137 133
20 =      133 137 133
21 =      132 137 133
22 =      131 137 133
23 =      131 136 133
24 =      132 136 133
25 =      133 136 133
26 =      134 136 133
27 =      135 136 133
28 =      135 135 133
29 =      136 135 133
30 =   135 135 133    match with  28
31 =      134 135 133
32 =      133 135 133
33 =   133 136 133    match with  25
34 =   132 136 133    match with  24
35 =      132 135 133
36 =   133 135 133    match with  32
37 =   134 135 133    match with  31
38 =   135 135 133    match with  28
38 =   135 135 133    match with  30
39 =      135 135 134
40 =      135 136 134
41 =   134 136 134    match with  9
42 =   133 136 134    match with  8
43 =      132 136 134
44 =      131 136 134
45 =      130 136 134
46 =      130 135 134
47 =      131 135 134

102


Initial Kinetic Energy : 100
Alpha = 56 Beta = 62
------------------------------------------------------------------------------

Hightest attempted 0 times... out of 500   div loops diff = 2271902  repair call  9172345

0 =      135 135 135
1 =      136 135 135
2 =      137 135 135
3 =      137 136 135
4 =      136 136 135
5 =      136 136 134
6 =      136 135 134
7 =      135 135 134
8 =      135 135 133
9 =      136 135 133
10 =      137 135 133
11 =      138 135 133
12 =      138 135 132
13 =      138 135 131
14 =      138 135 130
15 =      138 135 129
16 =      139 135 129
17 =      140 135 129
18 =      141 135 129
19 =      141 135 128
20 =      142 135 128
21 =      143 135 128
22 =      144 135 128
23 =      145 135 128
24 =      145 134 128
25 =      144 134 128
26 =      143 134 128
27 =      142 134 128
28 =      141 134 128
29 =      140 134 128
30 =      140 133 128
31 =      139 133 128
32 =      139 132 128
33 =      140 132 128
34 =   140 133 128    match with  30
35 =   140 134 128    match with  29
36 =      139 134 128
37 =      138 134 128
38 =      138 133 128
39 =      138 133 129
40 =      138 134 129
41 =      139 134 129
42 =   139 135 129    match with  16
43 =   138 135 129    match with  15
44 =      137 135 129
45 =      136 135 129
46 =      136 134 129
47 =      137 134 129

102


Initial Kinetic Energy : 100
Alpha = 57 Beta = 75
------------------------------------------------------------------------------

Hightest attempted 0 times... out of 500   div loops diff = 3900873  repair call  10543348

0 =      135 135 135
1 =      135 135 136
2 =      136 135 136
3 =      136 135 135
4 =      137 135 135
5 =      138 135 135
6 =      138 134 135
7 =      137 134 135
8 =      136 134 135
9 =      135 134 135
10 =      134 134 135
11 =      134 135 135
12 =      133 135 135
13 =      133 135 134
14 =      134 135 134
15 =      135 135 134
16 =      136 135 134
17 =      136 136 134
18 =      137 136 134
19 =      137 137 134
20 =      137 138 134
21 =      136 138 134
22 =      135 138 134
23 =      134 138 134
24 =      134 137 134
25 =      134 137 135
26 =      135 137 135
27 =      135 136 135
28 =      134 136 135
29 =      133 136 135
30 =      132 136 135
31 =      132 136 136
32 =      131 136 136
33 =      131 135 136
34 =   131 136 136    match with  32
35 =   132 136 136    match with  31
36 =      133 136 136
37 =      134 136 136
38 =      135 136 136
39 =   135 135 136    match with  1
40 =      134 135 136
41 =      134 134 136
42 =      133 134 136
43 =      133 135 136
44 =      132 135 136
45 =      132 135 137
46 =      132 134 137
47 =      132 134 138

102


Initial Kinetic Energy : 100
Alpha = 54 Beta = 64
------------------------------------------------------------------------------

Hightest attempted 0 times... out of 500   div loops diff = 1274292  repair call  7332269

0 =      135 135 135
1 =      136 135 135
2 =      137 135 135
3 =      137 136 135
4 =      136 136 135
5 =      136 136 134
6 =      136 135 134
7 =      135 135 134
8 =      134 135 134
9 =      134 134 134
10 =      134 134 135
11 =      135 134 135
12 =      135 134 134
13 =      135 134 133
14 =      136 134 133
15 =      136 133 133
16 =      135 133 133
17 =      135 133 134
18 =      135 133 135
19 =      134 133 135
20 =      134 133 134
21 =      133 133 134
22 =      133 133 133
23 =      134 133 133
24 =      134 132 133
25 =      134 132 134
26 =      135 132 134
27 =      136 132 134
28 =      137 132 134
29 =      137 132 133
30 =      137 133 133
31 =      137 134 133
32 =      138 134 133
33 =      138 133 133
34 =   138 134 133    match with  32
35 =   137 134 133    match with  31
36 =   136 134 133    match with  14
37 =      136 135 133
38 =      136 136 133
39 =   136 136 134    match with  5
40 =   136 136 135    match with  4
41 =   136 135 135    match with  1
42 =   137 135 135    match with  2
43 =      138 135 135
44 =      139 135 135
45 =      140 135 135
46 =      140 134 135
47 =      140 134 136

102


Initial Kinetic Energy : 100
Alpha = 68 Beta = 55
------------------------------------------------------------------------------

Hightest attempted 0 times... out of 500   div loops diff = 3885764  repair call  10700606

0 =      135 135 135
1 =      135 135 134
2 =      136 135 134
3 =      136 135 135
4 =      137 135 135
5 =      138 135 135
6 =      138 134 135
7 =      137 134 135
8 =      136 134 135
9 =      135 134 135
10 =      134 134 135
11 =      134 135 135
12 =      134 135 134
13 =      133 135 134
14 =      133 134 134
15 =      132 134 134
16 =      131 134 134
17 =      130 134 134
18 =      130 133 134
19 =      131 133 134
20 =      132 133 134
21 =      133 133 134
22 =      133 132 134
23 =      134 132 134
24 =      135 132 134
25 =      136 132 134
26 =      137 132 134
27 =      137 133 134
28 =      137 134 134
29 =      138 134 134
30 =      138 135 134
31 =      139 135 134
32 =      139 134 134
33 =   138 134 134    match with  29
34 =      138 133 134
35 =      138 132 134
36 =      138 132 135
37 =      138 132 136
38 =      138 133 136
39 =      137 133 136
40 =      137 134 136
41 =   137 134 135    match with  7
42 =   138 134 135    match with  6
43 =   138 135 135    match with  5
44 =      139 135 135
45 =      139 136 135
46 =      139 137 135
47 =      138 137 135

102


Initial Kinetic Energy : 100
Alpha = 76 Beta = 81
------------------------------------------------------------------------------

Hightest attempted 0 times... out of 500   div loops diff = 3956930  repair call  10458081

0 =      135 135 135
1 =      135 135 136
2 =      136 135 136
3 =      136 135 135
4 =      137 135 135
5 =      137 135 134
6 =      136 135 134
7 =      136 136 134
8 =      136 137 134
9 =      137 137 134
10 =      137 138 134
11 =      138 138 134
12 =      138 138 133
13 =      138 138 132
14 =      138 139 132
15 =      138 139 133
16 =      137 139 133
17 =      136 139 133
18 =      136 140 133
19 =      136 141 133
20 =      137 141 133
21 =      138 141 133
22 =      138 141 132
23 =      139 141 132
24 =      140 141 132
25 =      141 141 132
26 =      142 141 132
27 =      142 140 132
28 =      141 140 132
29 =      140 140 132
30 =      139 140 132
31 =      138 140 132
32 =      137 140 132
33 =   138 140 132    match with  31
34 =   137 140 132    match with  32
35 =      136 140 132
36 =      136 139 132
37 =      137 139 132
38 =      137 138 132
39 =      136 138 132
40 =      136 138 131
41 =      137 138 131
42 =      138 138 131
43 =   138 138 132    match with  13
44 =   138 139 132    match with  14
45 =      139 139 132
46 =      139 138 132
47 =      139 138 131

102


Initial Kinetic Energy : 100
Alpha = 61 Beta = 74
------------------------------------------------------------------------------


Initial Kinetic Energy : 100
Alpha = 60 Beta = 82
------------------------------------------------------------------------------

Hightest attempted 0 times... out of 500   div loops diff = 2540573  repair call  8781178

0 =      135 135 135
1 =      136 135 135
2 =      137 135 135
3 =      137 136 135
4 =      136 136 135
5 =      136 136 134
6 =      136 135 134
7 =      135 135 134
8 =      134 135 134
9 =      134 134 134
10 =      134 134 135
11 =      135 134 135
12 =      135 134 134
13 =      135 134 133
14 =      135 134 132
15 =      134 134 132
16 =      133 134 132
17 =      132 134 132
18 =      132 135 132
19 =      132 136 132
20 =      133 136 132
21 =      133 136 131
22 =      133 137 131
23 =      134 137 131
24 =      134 137 132
25 =      135 137 132
26 =      136 137 132
27 =      136 137 133
28 =      137 137 133
29 =      138 137 133
30 =      138 136 133
31 =      139 136 133
32 =      139 135 133
33 =      139 134 133
34 =      138 134 133
35 =      138 135 133
36 =      137 135 133
37 =      137 135 134
38 =      138 135 134
39 =      138 134 134
40 =      137 134 134
41 =      136 134 134
42 =      136 133 134
43 =      136 133 133
44 =      136 134 133
45 =      137 134 133
46 =      137 133 133
47 =      137 132 133

102


Initial Kinetic Energy : 100
Alpha = 78 Beta = 76
------------------------------------------------------------------------------


Initial Kinetic Energy : 100
Alpha = 70 Beta = 71
------------------------------------------------------------------------------

Hightest attempted 0 times... out of 500   div loops diff = 1249371  repair call  8213848

0 =      135 135 135
1 =      135 135 134
2 =      136 135 134
3 =      137 135 134
4 =      138 135 134
5 =      139 135 134
6 =      139 135 135
7 =      138 135 135
8 =      138 134 135
9 =      139 134 135
10 =      139 133 135
11 =      138 133 135
12 =      137 133 135
13 =      136 133 135
14 =      136 132 135
15 =      137 132 135
16 =      137 131 135
17 =      136 131 135
18 =      135 131 135
19 =      134 131 135
20 =      134 130 135
21 =      135 130 135
22 =      136 130 135
23 =      137 130 135
24 =      137 130 136
25 =      138 130 136
26 =      138 131 136
27 =      138 131 135
28 =      138 131 134
29 =      137 131 134
30 =      136 131 134
31 =      135 131 134
32 =      134 131 134
33 =   135 131 134    match with  31
34 =   134 131 134    match with  32
35 =      133 131 134
36 =      133 132 134
37 =      134 132 134
38 =      134 133 134
39 =      134 133 135
40 =      135 133 135
41 =   136 133 135    match with  13
42 =   137 133 135    match with  12
43 =      137 134 135
44 =      137 134 134
45 =      136 134 134
46 =      136 133 134
47 =      135 133 134

102

