
Initial Kinetic Energy : 100
Alpha = 59 Beta = 72
------------------------------------------------------------------------------

Hightest attempted 0 times... out of 500   div loops diff = 2766024  repair call  6883611

0 =      135 135 135
1 =      135 135 134
2 =      136 135 134
3 =      137 135 134
4 =      137 136 134
5 =      137 137 134
6 =      137 137 133
7 =      137 136 133
8 =      137 135 133
9 =      138 135 133
10 =      139 135 133
11 =      140 135 133
12 =      140 135 132
13 =      140 134 132
14 =      139 134 132
15 =      139 135 132
16 =      138 135 132
17 =      137 135 132
18 =      136 135 132
19 =      135 135 132
20 =      135 134 132
21 =      136 134 132
22 =      137 134 132
23 =      138 134 132
24 =      138 133 132
25 =      137 133 132
26 =      137 133 133
27 =      137 134 133
28 =      136 134 133
29 =      135 134 133
30 =      134 134 133
31 =      134 135 133
32 =      135 135 133
33 =      136 135 133
34 =      136 136 133
35 =      135 136 133
36 =      134 136 133
37 =      134 137 133
38 =      133 137 133
39 =      132 137 133
40 =      131 137 133
41 =      131 138 133
42 =      131 139 133
43 =      131 140 133
44 =      130 140 133
45 =      129 140 133
46 =      129 141 133
47 =      129 141 132

102


Initial Kinetic Energy : 100
Alpha = 75 Beta = 82
------------------------------------------------------------------------------

Hightest attempted 0 times... out of 500   div loops diff = 1090404  repair call  4524144

0 =      135 135 135
1 =      136 135 135
2 =      136 135 136
3 =      137 135 136
4 =      137 136 136
5 =      137 137 136
6 =      137 137 135
7 =      137 136 135
8 =      137 135 135
9 =      137 134 135
10 =      137 134 134
11 =      137 134 133
12 =      138 134 133
13 =      138 134 132
14 =      138 133 132
15 =      138 133 133
16 =      138 132 133
17 =      138 132 134
18 =      139 132 134
19 =      139 133 134
20 =      140 133 134
21 =      140 132 134
22 =      140 132 135
23 =      141 132 135
24 =      141 133 135
25 =      140 133 135
26 =      140 134 135
27 =      140 134 134
28 =      140 134 133
29 =      140 133 133
30 =      141 133 133
31 =      141 132 133
32 =      140 132 133
33 =   140 133 133    match with  29
34 =   140 133 134    match with  20
35 =   139 133 134    match with  19
36 =      139 133 133
37 =   138 133 133    match with  15
38 =      138 133 134
39 =      137 133 134
40 =      137 132 134
41 =   138 132 134    match with  17
42 =   139 132 134    match with  18
43 =      139 132 135
44 =      139 132 136
45 =      139 132 137
46 =      138 132 137
47 =      137 132 137

102


Initial Kinetic Energy : 100
Alpha = 75 Beta = 55
------------------------------------------------------------------------------

Hightest attempted 0 times... out of 500   div loops diff = 1178333  repair call  4693923

0 =      135 135 135
1 =      136 135 135
2 =      136 135 136
3 =      137 135 136
4 =      137 136 136
5 =      137 137 136
6 =      137 137 135
7 =      137 136 135
8 =      137 135 135
9 =      137 135 134
10 =      137 134 134
11 =      137 134 133
12 =      138 134 133
13 =      138 134 132
14 =      138 133 132
15 =      138 133 133
16 =      137 133 133
17 =      137 133 134
18 =      138 133 134
19 =      138 134 134
20 =      139 134 134
21 =      139 133 134
22 =      139 133 135
23 =      140 133 135
24 =      140 134 135
25 =      139 134 135
26 =      139 135 135
27 =      139 135 134
28 =      139 135 133
29 =      139 134 133
30 =      140 134 133
31 =      140 133 133
32 =      139 133 133
33 =   139 134 133    match with  29
34 =   139 134 134    match with  20
35 =   138 134 134    match with  19
36 =   137 134 134    match with  10
37 =   137 134 133    match with  11
38 =   138 134 133    match with  12
39 =   138 133 133    match with  15
40 =   139 133 133    match with  32
41 =   140 133 133    match with  31
42 =      140 133 132
43 =      140 133 131
44 =      140 133 130
45 =      139 133 130
46 =      138 133 130
47 =      138 133 129

102


Initial Kinetic Energy : 100
Alpha = 65 Beta = 69
------------------------------------------------------------------------------

Hightest attempted 0 times... out of 500   div loops diff = 1164296  repair call  4518368

0 =      135 135 135
1 =      136 135 135
2 =      136 135 136
3 =      137 135 136
4 =      137 136 136
5 =      137 137 136
6 =      137 137 135
7 =      137 136 135
8 =      137 135 135
9 =      137 134 135
10 =      137 133 135
11 =      137 133 134
12 =      138 133 134
13 =      138 133 133
14 =      138 132 133
15 =      138 132 134
16 =      137 132 134
17 =      137 132 135
18 =      138 132 135
19 =      138 133 135
20 =      139 133 135
21 =      139 132 135
22 =      139 132 136
23 =      140 132 136
24 =      140 133 136
25 =      139 133 136
26 =      139 134 136
27 =      139 134 135
28 =      139 134 134
29 =      139 133 134
30 =      140 133 134
31 =      140 132 134
32 =      139 132 134
33 =   139 133 134    match with  29
34 =   139 133 135    match with  20
35 =   138 133 135    match with  19
36 =   137 133 135    match with  10
37 =   137 133 134    match with  11
38 =   138 133 134    match with  12
39 =   138 132 134    match with  15
40 =   139 132 134    match with  32
41 =   140 132 134    match with  31
42 =      140 132 133
43 =      140 132 132
44 =      140 132 131
45 =      139 132 131
46 =      138 132 131
47 =      138 132 130

102


Initial Kinetic Energy : 100
Alpha = 68 Beta = 65
------------------------------------------------------------------------------

Hightest attempted 0 times... out of 500   div loops diff = 1354095  repair call  9145815

0 =      135 135 135
1 =      135 135 136
2 =      136 135 136
3 =      137 135 136
4 =      137 136 136
5 =      137 136 137
6 =      136 136 137
7 =      136 136 136
8 =      136 136 135
9 =      137 136 135
10 =      138 136 135
11 =      139 136 135
12 =      139 137 135
13 =      138 137 135
14 =      137 137 135
15 =      136 137 135
16 =      135 137 135
17 =      134 137 135
18 =      134 137 136
19 =      134 137 137
20 =      133 137 137
21 =      133 136 137
22 =      134 136 137
23 =      135 136 137
24 =      135 136 136
25 =      134 136 136
26 =      133 136 136
27 =      132 136 136
28 =      132 136 135
29 =      131 136 135
30 =      131 135 135
31 =      131 135 136
32 =      131 134 136
33 =      132 134 136
34 =      132 135 136
35 =      133 135 136
36 =      134 135 136
37 =      134 135 137
38 =      133 135 137
39 =      133 135 138
40 =      133 136 138
41 =      134 136 138
42 =      134 137 138
43 =      134 137 139
44 =      135 137 139
45 =      135 138 139
46 =      135 139 139
47 =      136 139 139

102

