
Initial Kinetic Energy : 100
Alpha = 81 Beta = 64
------------------------------------------------------------------------------

Hightest attempted 0 times... out of 500   div loops diff = 1366443  repair call  6812245

0 =      135 135 135
1 =      136 135 135
2 =      136 135 134
3 =      137 135 134
4 =      137 135 135
5 =      137 136 135
6 =      137 136 136
7 =      137 135 136
8 =      138 135 136
9 =      138 135 135
10 =      138 135 134
11 =      138 135 133
12 =      138 136 133
13 =      137 136 133
14 =      137 136 132
15 =      137 135 132
16 =      138 135 132
17 =      139 135 132
18 =      140 135 132
19 =      141 135 132
20 =      141 134 132
21 =      140 134 132
22 =      139 134 132
23 =      139 133 132
24 =      139 133 131
25 =      138 133 131
26 =      137 133 131
27 =      137 132 131
28 =      137 132 132
29 =      137 133 132
30 =      138 133 132
31 =      138 134 132
32 =      137 134 132
33 =   138 134 132    match with  31
34 =   138 135 132    match with  16
35 =   137 135 132    match with  15
36 =   137 136 132    match with  14
37 =      136 136 132
38 =      136 137 132
39 =      136 138 132
40 =      137 138 132
41 =      138 138 132
42 =      139 138 132
43 =      139 138 133
44 =      139 139 133
45 =      140 139 133
46 =      140 139 132
47 =      140 139 131

102


Initial Kinetic Energy : 100
Alpha = 58 Beta = 74
------------------------------------------------------------------------------

Hightest attempted 0 times... out of 500   div loops diff = 1322617  repair call  7090826

0 =      135 135 135
1 =      136 135 135
2 =      136 135 136
3 =      137 135 136
4 =      137 135 137
5 =      137 136 137
6 =      137 136 138
7 =      137 135 138
8 =      138 135 138
9 =      138 135 137
10 =      138 135 136
11 =      138 135 135
12 =      138 136 135
13 =      139 136 135
14 =      139 136 134
15 =      140 136 134
16 =      141 136 134
17 =      141 135 134
18 =      140 135 134
19 =      140 134 134
20 =      140 134 133
21 =      140 135 133
22 =      140 136 133
23 =      139 136 133
24 =      138 136 133
25 =      137 136 133
26 =      136 136 133
27 =      136 136 132
28 =      137 136 132
29 =      138 136 132
30 =      139 136 132
31 =      139 135 132
32 =      138 135 132
33 =      138 135 133
34 =      139 135 133
35 =      139 134 133
36 =      138 134 133
37 =      138 134 134
38 =      138 135 134
39 =      138 136 134
40 =      137 136 134
41 =      136 136 134
42 =      136 135 134
43 =      137 135 134
44 =      137 135 135
45 =      137 136 135
46 =      136 136 135
47 =      135 136 135

102


Initial Kinetic Energy : 100
Alpha = 51 Beta = 52
------------------------------------------------------------------------------

Hightest attempted 0 times... out of 500   div loops diff = 1431328  repair call  7364246

0 =      135 135 135
1 =      136 135 135
2 =      136 135 134
3 =      137 135 134
4 =      137 135 135
5 =      137 136 135
6 =      137 136 136
7 =      137 135 136
8 =      138 135 136
9 =      138 135 135
10 =      138 135 134
11 =      138 135 133
12 =      138 136 133
13 =      139 136 133
14 =      139 136 132
15 =      139 137 132
16 =      140 137 132
17 =      140 136 132
18 =      141 136 132
19 =      141 135 132
20 =      141 135 131
21 =      141 136 131
22 =      141 137 131
23 =      140 137 131
24 =      139 137 131
25 =      138 137 131
26 =      137 137 131
27 =      137 136 131
28 =      138 136 131
29 =      139 136 131
30 =      140 136 131
31 =      140 135 131
32 =      139 135 131
33 =      139 135 130
34 =      140 135 130
35 =      140 136 130
36 =      140 137 130
37 =      141 137 130
38 =      142 137 130
39 =      143 137 130
40 =      144 137 130
41 =      145 137 130
42 =      145 137 129
43 =      145 137 128
44 =      145 138 128
45 =      145 138 127
46 =      145 139 127
47 =      145 139 126

102


Initial Kinetic Energy : 100
Alpha = 59 Beta = 67
------------------------------------------------------------------------------

Hightest attempted 0 times... out of 500   div loops diff = 1257703  repair call  7031120

0 =      135 135 135
1 =      136 135 135
2 =      136 135 134
3 =      137 135 134
4 =      137 135 135
5 =      137 136 135
6 =      137 136 136
7 =      137 135 136
8 =      138 135 136
9 =      138 135 135
10 =      138 135 134
11 =      138 135 133
12 =      138 134 133
13 =      139 134 133
14 =      140 134 133
15 =      140 135 133
16 =      141 135 133
17 =      141 135 132
18 =      141 136 132
19 =      142 136 132
20 =      142 136 133
21 =      142 136 134
22 =      143 136 134
23 =      144 136 134
24 =      145 136 134
25 =      145 136 133
26 =      146 136 133
27 =      146 135 133
28 =      145 135 133
29 =      144 135 133
30 =      143 135 133
31 =      143 136 133
32 =      144 136 133
33 =      144 137 133
34 =      143 137 133
35 =      143 137 134
36 =      144 137 134
37 =      145 137 134
38 =      146 137 134
39 =      147 137 134
40 =      147 136 134
41 =      147 135 134
42 =      146 135 134
43 =      145 135 134
44 =      144 135 134
45 =      143 135 134
46 =      143 135 135
47 =      144 135 135

102


Initial Kinetic Energy : 100
Alpha = 71 Beta = 68
------------------------------------------------------------------------------

Hightest attempted 0 times... out of 500   div loops diff = 1902381  repair call  7219948

0 =      135 135 135
1 =      136 135 135
2 =      136 135 134
3 =      137 135 134
4 =      137 135 135
5 =      137 136 135
6 =      137 136 136
7 =      137 135 136
8 =      138 135 136
9 =      138 135 135
10 =      138 135 134
11 =      138 135 133
12 =      138 136 133
13 =      137 136 133
14 =      137 135 133
15 =      137 134 133
16 =      137 134 134
17 =      138 134 134
18 =      138 134 133
19 =      139 134 133
20 =      140 134 133
21 =      141 134 133
22 =      142 134 133
23 =      142 133 133
24 =      141 133 133
25 =      140 133 133
26 =      139 133 133
27 =      139 132 133
28 =      140 132 133
29 =      141 132 133
30 =      141 132 134
31 =      142 132 134
32 =      143 132 134
33 =      143 133 134
34 =      142 133 134
35 =      141 133 134
36 =      140 133 134
37 =   140 133 133    match with  25
38 =   141 133 133    match with  24
39 =   141 132 133    match with  29
40 =   141 132 134    match with  30
41 =   142 132 134    match with  31
42 =      142 131 134
43 =      142 131 133
44 =      142 132 133
45 =      142 132 132
46 =      142 131 132
47 =      142 131 131

102


Initial Kinetic Energy : 100
Alpha = 81 Beta = 63
------------------------------------------------------------------------------

Hightest attempted 0 times... out of 500   div loops diff = 2528763  repair call  7617152

0 =      135 135 135
1 =      136 135 135
2 =      136 135 134
3 =      137 135 134
4 =      137 135 135
5 =      137 136 135
6 =      137 136 136
7 =      137 135 136
8 =      138 135 136
9 =      138 135 135
10 =      138 135 134
11 =      138 135 133
12 =      138 136 133
13 =      138 136 132
14 =      139 136 132
15 =      140 136 132
16 =      141 136 132
17 =      141 137 132
18 =      142 137 132
19 =      143 137 132
20 =      143 137 131
21 =      143 137 130
22 =      143 136 130
23 =      142 136 130
24 =      141 136 130
25 =      141 137 130
26 =      142 137 130
27 =      142 138 130
28 =      141 138 130
29 =      141 138 131
30 =      142 138 131
31 =      142 137 131
32 =      141 137 131
33 =      140 137 131
34 =      140 137 132
35 =      139 137 132
36 =      139 138 132
37 =      139 139 132
38 =      140 139 132
39 =      140 138 132
40 =      141 138 132
41 =      142 138 132
42 =      143 138 132
43 =      143 139 132
44 =      143 139 133
45 =      143 140 133
46 =      144 140 133
47 =      145 140 133

102


Initial Kinetic Energy : 100
Alpha = 70 Beta = 75
------------------------------------------------------------------------------

Hightest attempted 0 times... out of 500   div loops diff = 2173485  repair call  6992853

0 =      135 135 135
1 =      136 135 135
2 =      136 135 134
3 =      137 135 134
4 =      137 135 135
5 =      137 136 135
6 =      137 136 136
7 =      137 135 136
8 =      138 135 136
9 =      138 135 135
10 =      138 135 134
11 =      138 135 133
12 =      138 136 133
13 =      137 136 133
14 =      137 135 133
15 =      137 134 133
16 =      137 134 134
17 =      138 134 134
18 =      139 134 134
19 =      139 133 134
20 =      139 133 133
21 =      139 132 133
22 =      139 132 132
23 =      140 132 132
24 =      140 132 131
25 =      139 132 131
26 =      138 132 131
27 =      138 133 131
28 =      138 133 130
29 =      139 133 130
30 =      140 133 130
31 =      140 132 130
32 =      139 132 130
33 =      138 132 130
34 =      138 131 130
35 =      139 131 130
36 =      140 131 130
37 =      140 131 131
38 =      139 131 131
39 =      138 131 131
40 =      137 131 131
41 =      137 131 130
42 =      136 131 130
43 =      136 130 130
44 =      137 130 130
45 =      138 130 130
46 =      138 130 131
47 =      139 130 131

102


Initial Kinetic Energy : 100
Alpha = 81 Beta = 67
------------------------------------------------------------------------------

Hightest attempted 0 times... out of 500   div loops diff = 1275304  repair call  7524006

0 =      135 135 135
1 =      136 135 135
2 =      136 135 136
3 =      137 135 136
4 =      137 135 137
5 =      137 136 137
6 =      137 136 138
7 =      137 135 138
8 =      138 135 138
9 =      138 135 137
10 =      138 135 136
11 =      138 135 135
12 =      138 134 135
13 =      139 134 135
14 =      139 134 134
15 =      140 134 134
16 =      141 134 134
17 =      141 133 134
18 =      140 133 134
19 =      140 132 134
20 =      140 132 133
21 =      140 133 133
22 =      140 134 133
23 =      139 134 133
24 =      138 134 133
25 =      137 134 133
26 =      136 134 133
27 =      136 134 132
28 =      137 134 132
29 =      138 134 132
30 =      139 134 132
31 =      139 133 132
32 =      138 133 132
33 =      138 133 133
34 =      139 133 133
35 =      139 132 133
36 =      138 132 133
37 =      138 132 134
38 =      137 132 134
39 =      137 133 134
40 =      137 134 134
41 =      138 134 134
42 =      138 133 134
43 =      138 133 135
44 =      139 133 135
45 =      140 133 135
46 =      141 133 135
47 =      141 132 135

102


Initial Kinetic Energy : 100
Alpha = 67 Beta = 77
------------------------------------------------------------------------------

Hightest attempted 0 times... out of 500   div loops diff = 1337876  repair call  6807949

0 =      135 135 135
1 =      136 135 135
2 =      136 135 134
3 =      137 135 134
4 =      137 135 135
5 =      137 136 135
6 =      137 136 136
7 =      137 135 136
8 =      138 135 136
9 =      138 135 135
10 =      138 135 134
11 =      138 135 133
12 =      138 136 133
13 =      137 136 133
14 =      137 136 132
15 =      137 135 132
16 =      137 135 133
17 =      137 134 133
18 =      138 134 133
19 =      138 134 134
20 =      139 134 134
21 =      139 135 134
22 =      140 135 134
23 =      140 135 135
24 =      139 135 135
25 =      139 134 135
26 =      140 134 135
27 =      140 134 136
28 =      139 134 136
29 =      138 134 136
30 =      137 134 136
31 =      137 134 137
32 =      137 135 137
33 =      138 135 137
34 =      138 134 137
35 =      138 133 137
36 =      137 133 137
37 =      136 133 137
38 =      135 133 137
39 =      135 132 137
40 =      136 132 137
41 =      137 132 137
42 =      138 132 137
43 =      138 132 136
44 =      138 132 135
45 =      138 132 134
46 =      139 132 134
47 =      140 132 134

102


Initial Kinetic Energy : 100
Alpha = 63 Beta = 68
------------------------------------------------------------------------------

Hightest attempted 0 times... out of 500   div loops diff = 1339890  repair call  7063623

0 =      135 135 135
1 =      136 135 135
2 =      136 135 134
3 =      137 135 134
4 =      137 135 135
5 =      137 136 135
6 =      137 136 136
7 =      137 135 136
8 =      138 135 136
9 =      138 135 135
10 =      138 135 134
11 =      138 135 133
12 =      138 135 132
13 =      138 135 131
14 =      138 134 131
15 =      137 134 131
16 =      136 134 131
17 =      136 134 130
18 =      137 134 130
19 =      137 135 130
20 =      138 135 130
21 =      138 135 129
22 =      138 134 129
23 =      139 134 129
24 =      140 134 129
25 =      140 135 129
26 =      139 135 129
27 =      139 136 129
28 =      138 136 129
29 =      137 136 129
30 =      136 136 129
31 =      136 135 129
32 =      136 134 129
33 =      136 133 129
34 =      137 133 129
35 =      137 134 129
36 =      137 135 129
37 =      137 135 128
38 =      137 136 128
39 =      138 136 128
40 =      139 136 128
41 =      139 136 127
42 =      140 136 127
43 =      140 136 128
44 =      140 136 129
45 =      140 136 130
46 =      141 136 130
47 =      141 137 130

102

