
Initial Kinetic Energy : 100
Alpha = 63 Beta = 70
------------------------------------------------------------------------------

Hightest attempted 0 times... out of 500   div loops diff = 1272243  repair call  5118087

0 =      135 135 135
1 =      135 135 136
2 =      136 135 136
3 =      136 135 135
4 =      137 135 135
5 =      138 135 135
6 =      139 135 135
7 =      139 135 134
8 =      140 135 134
9 =      140 134 134
10 =      141 134 134
11 =      142 134 134
12 =      142 134 135
13 =      142 133 135
14 =      141 133 135
15 =      141 134 135
16 =      140 134 135
17 =      140 134 136
18 =      140 135 136
19 =      140 135 135
20 =      141 135 135
21 =      141 135 136
22 =      141 134 136
23 =      142 134 136
24 =      143 134 136
25 =      143 135 136
26 =      143 135 135
27 =      142 135 135
28 =      142 135 134
29 =      142 136 134
30 =      142 136 133
31 =      142 135 133
32 =      142 134 133
33 =   142 134 134    match with  11
34 =   141 134 134    match with  10
35 =   141 134 135    match with  15
36 =   140 134 135    match with  16
37 =      140 133 135
38 =   141 133 135    match with  14
39 =      141 132 135
40 =      140 132 135
41 =      139 132 135
42 =      139 131 135
43 =      138 131 135
44 =      138 130 135
45 =      139 130 135
46 =      139 130 134
47 =      139 131 134

102


Initial Kinetic Energy : 100
Alpha = 57 Beta = 78
------------------------------------------------------------------------------

Hightest attempted 0 times... out of 500   div loops diff = 2943289  repair call  10895334

0 =      135 135 135
1 =      135 135 134
2 =      136 135 134
3 =      136 135 135
4 =      137 135 135
5 =      137 136 135
6 =      138 136 135
7 =      138 136 136
8 =      139 136 136
9 =      139 136 135
10 =      140 136 135
11 =      140 136 134
12 =      141 136 134
13 =      142 136 134
14 =      142 137 134
15 =      141 137 134
16 =      141 137 135
17 =      141 138 135
18 =      141 138 136
19 =      142 138 136
20 =      142 139 136
21 =      141 139 136
22 =      141 140 136
23 =      142 140 136
24 =      143 140 136
25 =      144 140 136
26 =      144 140 135
27 =      143 140 135
28 =      143 141 135
29 =      142 141 135
30 =      141 141 135
31 =      140 141 135
32 =      140 140 135
33 =      141 140 135
34 =      142 140 135
35 =      142 139 135
36 =      141 139 135
37 =      141 139 134
38 =      141 139 133
39 =      142 139 133
40 =      143 139 133
41 =      143 139 134
42 =      142 139 134
43 =      142 140 134
44 =      141 140 134
45 =      140 140 134
46 =      139 140 134
47 =      139 141 134

102


Initial Kinetic Energy : 100
Alpha = 75 Beta = 71
------------------------------------------------------------------------------

Hightest attempted 0 times... out of 500   div loops diff = 2355068  repair call  10051169

0 =      135 135 135
1 =      136 135 135
2 =      136 136 135
3 =      135 136 135
4 =      135 136 134
5 =      135 135 134
6 =      136 135 134
7 =      136 135 133
8 =      137 135 133
9 =      137 135 134
10 =      138 135 134
11 =      138 135 135
12 =      139 135 135
13 =      140 135 135
14 =      140 135 134
15 =      141 135 134
16 =      142 135 134
17 =      143 135 134
18 =      143 135 133
19 =      142 135 133
20 =      141 135 133
21 =      140 135 133
22 =      139 135 133
23 =      138 135 133
24 =      138 136 133
25 =      138 137 133
26 =      137 137 133
27 =      136 137 133
28 =      136 136 133
29 =      137 136 133
30 =      137 136 134
31 =      138 136 134
32 =      139 136 134
33 =      140 136 134
34 =      141 136 134
35 =      142 136 134
36 =      142 136 133
37 =      141 136 133
38 =      140 136 133
39 =      139 136 133
40 =      139 137 133
41 =      140 137 133
42 =      140 138 133
43 =      140 138 134
44 =      140 139 134
45 =      141 139 134
46 =      141 138 134
47 =      142 138 134

102


Initial Kinetic Energy : 100
Alpha = 62 Beta = 50
------------------------------------------------------------------------------

Hightest attempted 0 times... out of 500   div loops diff = 2788981  repair call  11179918

0 =      135 135 135
1 =      135 135 136
2 =      136 135 136
3 =      136 135 135
4 =      137 135 135
5 =      138 135 135
6 =      139 135 135
7 =      139 135 134
8 =      140 135 134
9 =      140 135 135
10 =      141 135 135
11 =      141 135 134
12 =      142 135 134
13 =      142 135 135
14 =      143 135 135
15 =      143 135 134
16 =      144 135 134
17 =      144 135 135
18 =      145 135 135
19 =      145 135 134
20 =      146 135 134
21 =      146 135 135
22 =      147 135 135
23 =      148 135 135
24 =      148 136 135
25 =      147 136 135
26 =      146 136 135
27 =      146 136 134
28 =      146 137 134
29 =      145 137 134
30 =      145 138 134
31 =      144 138 134
32 =      143 138 134
33 =      143 138 133
34 =      144 138 133
35 =      144 137 133
36 =      143 137 133
37 =      143 137 134
38 =      144 137 134
39 =      144 136 134
40 =      145 136 134
41 =      145 136 133
42 =      145 135 133
43 =      146 135 133
44 =      146 134 133
45 =      146 134 134
46 =      146 133 134
47 =      146 133 135

102


Initial Kinetic Energy : 100
Alpha = 54 Beta = 59
------------------------------------------------------------------------------

Hightest attempted 0 times... out of 500   div loops diff = 2937228  repair call  11035938

0 =      135 135 135
1 =      135 135 134
2 =      136 135 134
3 =      136 135 135
4 =      137 135 135
5 =      137 136 135
6 =      138 136 135
7 =      138 136 134
8 =      139 136 134
9 =      139 135 134
10 =      140 135 134
11 =      141 135 134
12 =      141 135 135
13 =      141 134 135
14 =      140 134 135
15 =      140 134 134
16 =      139 134 134
17 =      139 134 135
18 =      139 135 135
19 =      140 135 135
20 =      140 136 135
21 =      140 136 136
22 =      139 136 136
23 =      138 136 136
24 =      138 137 136
25 =      138 138 136
26 =      139 138 136
27 =      139 138 137
28 =      138 138 137
29 =      137 138 137
30 =      137 138 138
31 =      136 138 138
32 =      136 139 138
33 =      136 139 139
34 =      137 139 139
35 =      137 139 140
36 =      136 139 140
37 =      136 138 140
38 =      137 138 140
39 =      138 138 140
40 =      139 138 140
41 =      139 137 140
42 =      138 137 140
43 =      137 137 140
44 =      136 137 140
45 =      136 137 141
46 =      137 137 141
47 =      137 138 141

102


Initial Kinetic Energy : 100
Alpha = 81 Beta = 57
------------------------------------------------------------------------------

Hightest attempted 1 times... out of 500   div loops diff = 1097983  repair call  3925338

0 =      135 135 135
1 =      136 135 135
2 =      136 136 135
3 =      135 136 135
4 =      135 136 134
5 =      135 135 134
6 =      136 135 134
7 =      136 136 134
8 =      137 136 134
9 =      137 135 134
10 =      138 135 134
11 =      139 135 134
12 =      139 135 135
13 =      139 134 135
14 =      138 134 135
15 =      138 135 135
16 =      137 135 135
17 =      137 135 136
18 =      137 136 136
19 =      137 136 135
20 =      138 136 135
21 =      138 136 136
22 =      138 135 136
23 =      139 135 136
24 =      140 135 136
25 =      140 136 136
26 =      140 136 135
27 =      139 136 135
28 =      139 136 134
29 =      138 136 134
30 =      138 136 133
31 =      138 135 133
32 =      138 134 133
33 =      138 134 134
34 =      137 134 134
35 =      136 134 134
36 =      135 134 134
37 =      135 134 135
38 =      136 134 135
39 =      136 134 136
40 =      136 134 137
41 =      137 134 137
42 =      137 134 136
43 =      137 134 135
44 =      137 133 135
45 =      138 133 135
46 =      138 133 136
47 =      138 134 136

60


Initial Kinetic Energy : 100
Alpha = 79 Beta = 74
------------------------------------------------------------------------------

Hightest attempted 0 times... out of 500   div loops diff = 1796403  repair call  7964237

0 =      135 135 135
1 =      135 135 134
2 =      136 135 134
3 =      136 135 135
4 =      137 135 135
5 =      138 135 135
6 =      139 135 135
7 =      139 135 134
8 =      140 135 134
9 =      140 134 134
10 =      141 134 134
11 =      142 134 134
12 =      142 134 135
13 =      142 133 135
14 =      141 133 135
15 =      141 134 135
16 =      140 134 135
17 =      140 134 136
18 =      140 135 136
19 =      140 135 135
20 =      141 135 135
21 =      141 135 136
22 =      141 134 136
23 =      142 134 136
24 =      143 134 136
25 =      143 135 136
26 =      143 135 135
27 =      142 135 135
28 =      142 135 134
29 =      142 135 133
30 =      142 135 132
31 =      142 134 132
32 =      143 134 132
33 =      143 134 133
34 =      142 134 133
35 =      141 134 133
36 =      140 134 133
37 =      140 135 133
38 =      141 135 133
39 =      141 136 133
40 =      140 136 133
41 =      139 136 133
42 =      139 135 133
43 =      138 135 133
44 =      138 134 133
45 =      137 134 133
46 =      136 134 133
47 =      136 134 132

102

