
Initial Kinetic Energy : 100
Alpha = 50 Beta = 76
------------------------------------------------------------------------------

Hightest attempted 0 times... out of 500   div loops diff = 4711125  repair call  13696586

0 =      135 135 135
1 =      136 135 135
2 =      136 135 134
3 =      137 135 134
4 =      138 135 134
5 =      138 134 134
6 =      137 134 134
7 =      137 133 134
8 =      137 133 135
9 =      138 133 135
10 =      138 133 134
11 =      139 133 134
12 =      139 133 135
13 =      139 133 136
14 =      138 133 136
15 =      137 133 136
16 =      136 133 136
17 =      136 133 135
18 =      135 133 135
19 =      134 133 135
20 =      133 133 135
21 =      133 134 135
22 =      134 134 135
23 =      134 134 134
24 =      134 134 133
25 =      135 134 133
26 =      135 133 133
27 =      135 133 134
28 =      135 132 134
29 =      136 132 134
30 =      136 133 134
31 =      136 134 134
32 =      135 134 134
33 =   135 133 134    match with  27
34 =      134 133 134
35 =   134 134 134    match with  23
36 =      134 135 134
37 =      135 135 134
38 =      135 136 134
39 =      136 136 134
40 =   136 135 134    match with  2
41 =   137 135 134    match with  3
42 =   137 134 134    match with  6
43 =   136 134 134    match with  31
44 =      136 134 135
45 =      136 134 136
46 =   136 133 136    match with  16
47 =      136 133 137
48 =      137 133 137
49 =   137 133 136    match with  15
50 =   138 133 136    match with  14
51 =   139 133 136    match with  13
52 =      139 134 136
53 =      140 134 136
54 =      140 135 136
55 =      139 135 136
56 =      138 135 136
57 =      137 135 136
58 =      137 136 136
59 =      136 136 136
60 =      136 135 136
61 =      135 135 136
62 =      135 136 136
63 =      135 137 136

102


Initial Kinetic Energy : 100
Alpha = 75 Beta = 64
------------------------------------------------------------------------------


Initial Kinetic Energy : 100
Alpha = 58 Beta = 62
------------------------------------------------------------------------------


Initial Kinetic Energy : 100
Alpha = 51 Beta = 65
------------------------------------------------------------------------------


Initial Kinetic Energy : 100
Alpha = 60 Beta = 58
------------------------------------------------------------------------------

Hightest attempted 0 times... out of 500   div loops diff = 3134692  repair call  11786522

0 =      135 135 135
1 =      135 135 134
2 =      136 135 134
3 =      136 135 135
4 =      137 135 135
5 =      137 134 135
6 =      136 134 135
7 =      136 133 135
8 =      136 133 136
9 =      137 133 136
10 =      137 134 136
11 =      137 135 136
12 =      137 135 137
13 =      137 134 137
14 =      137 133 137
15 =      136 133 137
16 =      136 134 137
17 =      136 134 136
18 =      136 135 136
19 =      136 135 137
20 =      136 136 137
21 =      136 136 136
22 =      137 136 136
23 =      137 136 137
24 =      138 136 137
25 =      139 136 137
26 =      140 136 137
27 =      140 136 136
28 =      140 136 135
29 =      139 136 135
30 =      138 136 135
31 =      137 136 135
32 =      137 137 135
33 =      137 137 134
34 =      137 136 134
35 =      137 135 134
36 =      137 135 133
37 =      137 134 133
38 =      137 134 134
39 =      137 133 134
40 =      137 133 135
41 =      138 133 135
42 =      138 133 134
43 =      139 133 134
44 =      140 133 134
45 =      141 133 134
46 =      141 133 135
47 =      141 133 136
48 =      140 133 136
49 =      140 134 136
50 =      141 134 136
51 =      142 134 136
52 =      142 134 137
53 =      141 134 137
54 =      141 133 137
55 =      141 132 137
56 =      142 132 137
57 =      143 132 137
58 =      143 133 137
59 =      144 133 137
60 =      145 133 137
61 =      146 133 137
62 =      147 133 137
63 =      148 133 137

102

