
Initial Kinetic Energy : 100
Alpha = 56 Beta = 50
------------------------------------------------------------------------------

Hightest attempted 0 times... out of 500   div loops diff = 3015877  repair call  10191480

0 =      135 135 135
1 =      135 135 136
2 =      134 135 136
3 =      134 136 136
4 =      134 136 135
5 =      135 136 135
6 =      135 136 134
7 =      134 136 134
8 =      134 136 133
9 =      134 135 133
10 =      134 135 134
11 =      134 135 135
12 =      134 134 135
13 =      134 133 135
14 =      133 133 135
15 =      133 134 135
16 =      133 135 135
17 =      133 136 135
18 =      133 137 135
19 =      133 137 134
20 =      133 136 134
21 =      133 135 134
22 =      133 134 134
23 =      133 134 133
24 =      133 133 133
25 =      132 133 133
26 =      132 134 133
27 =      132 134 134
28 =      132 133 134
29 =      132 133 135
30 =      132 132 135
31 =      132 132 134
32 =      132 131 134
33 =      133 131 134
34 =   132 131 134    match with  32
35 =      131 131 134
36 =      131 132 134
37 =   132 132 134    match with  31
38 =   132 133 134    match with  28
39 =   132 133 135    match with  29
40 =      131 133 135
41 =      130 133 135
42 =      129 133 135
43 =      129 134 135
44 =      130 134 135
45 =      131 134 135
46 =      132 134 135
47 =   133 134 135    match with  15
48 =   133 135 135    match with  16
49 =   134 135 135    match with  11
50 =   134 134 135    match with  12
51 =      134 134 136
52 =      133 134 136
53 =      133 133 136
54 =      134 133 136
55 =      135 133 136
56 =      136 133 136
57 =      136 132 136
58 =      136 132 137
59 =      136 133 137
60 =      137 133 137
61 =      137 134 137
62 =      136 134 137
63 =      135 134 137

102

